-5.702950897420209220e-01 8.275831676299050602e-03
1.317363307093644131e-02 8.279410398718827988e-03
1.315996811246666898e-02 8.284424581427921735e-03
1.314177485087197894e-02 8.290871619998469236e-03
1.311909091743734823e-02 8.298748175008066955e-03
1.309196301327519851e-02 8.308050180642770691e-03
1.306044667054290231e-02 8.318772855111041323e-03
1.302460597089338812e-02 8.330910712806907648e-03
1.298451322373167516e-02 8.344457578151189686e-03
1.294024860731735060e-02 8.359406601029979039e-03
1.289189977594057401e-02 8.375750273742472649e-03
1.283956143667397409e-02 8.393480449362233226e-03
1.278333489949906587e-02 8.412588361409928384e-03
1.272332760454147893e-02 8.433064644730802265e-03
1.265965263046286982e-02 8.454899357464995199e-03
1.259242818797445818e-02 8.478082003996613436e-03
1.252177710247970310e-02 8.502601558763943357e-03
1.244782628972790350e-02 8.528446490813744105e-03
1.237070622844865797e-02 8.555604788980571487e-03
1.229055043352733634e-02 8.584063987573494620e-03
1.220749493336426017e-02 8.613811192454816704e-03
1.212167775470845976e-02 8.644833107396519833e-03
1.203323841811787531e-02 8.677116060604029082e-03
1.194231744674190132e-02 8.710646031301077022e-03
1.184905589121915126e-02 8.745408676272641707e-03
1.175359487286686822e-02 8.781389356269543936e-03
1.165607514705410686e-02 8.818573162182053934e-03
1.155663668880677064e-02 8.856944940897315197e-03
1.145541830163498975e-02 8.896489320759610325e-03
1.135255725105088764e-02 8.937190736560837734e-03
1.124818892354087496e-02 8.979033453992852840e-03
1.114244651141793607e-02 9.022001593501924668e-03
1.103546072417424528e-02 9.066079153490559997e-03
1.092735952616022410e-02 9.111250032818419414e-03
1.081826790074758016e-02 9.157498052562610541e-03
1.070830764029478965e-02 9.204806976999378373e-03
1.059759716185620926e-02 9.253160533780925567e-03
1.048625134758747468e-02 9.302542433281258544e-03
1.037438140931537522e-02 9.352936387095436496e-03
1.026209477614187238e-02 9.404326125676482420e-03
1.014949500435315122e-02 9.456695415105995789e-03
1.003668170817427485e-02 9.510028072990272044e-03
9.923750510516152201e-03 9.564307983488330028e-03
9.810793012372795441e-03 9.619519111470544587e-03
9.697896779588779936e-03 9.675645515822268658e-03
9.585145345870960121e-03 9.732671361898998647e-03
9.472618230666349226e-03 9.790580933151233484e-03
9.360390970697969604e-03 9.849358641932572100e-03
9.248535163977344292e-03 9.908989039514391750e-03
9.137118524964113475e-03 9.969456825323774404e-03
9.026204949818469880e-03 1.003074685543151913e-02
8.915854590564660509e-03 1.009284415031153417e-02
8.806123937051497930e-03 1.015573390189902434e-02
8.697065905746363679e-03 1.021940147997233393e-02
8.588729934295716989e-03 1.028383243788589391e-02
8.481162081010303055e-03 1.034901251768218650e-02
8.374405128326253833e-03 1.041492765460937629e-02
8.268498689493343490e-03 1.048156398107282471e-02
8.163479317730024110e-03 1.054890783004952363e-02
8.059380617058839458e-03 1.061694573798921577e-02
7.956233354385444656e-03 1.068566444723546317e-02
7.854065571965093695e-03 1.075505090798698112e-02
7.752902700012900827e-03 1.082509227983051436e-02
7.652767668734711259e-03 1.089577593286836059e-02
7.553681019527691554e-03 1.096708944846708569e-02
7.455661014848000145e-03 1.103902061964987837e-02
7.358723746534484578e-03 1.111155745115923604e-02
7.262883242101864090e-03 1.118468815920841720e-02
7.168151569003938794e-03 1.125840117094981628e-02
7.074538936396201905e-03 1.133268512367308772e-02
6.982053794402365288e-03 1.140752886376245230e-02
6.890702930610337340e-03 1.148292144542507019e-02
6.800491563764166081e-03 1.155885212921292995e-02
6.711423434444890868e-03 1.163531038035459965e-02
6.623500892795536332e-03 1.171228586691510157e-02
6.536724983193242799e-03 1.178976845779718119e-02
6.451095525652261742e-03 1.186774822060081280e-02
6.366611194408150487e-03 1.194621541935577541e-02
6.283269593049284341e-03 1.202516051213895105e-02
6.201067326815079550e-03 1.210457414859091030e-02
6.120000071711401146e-03 1.218444716734165718e-02
6.040062640551208117e-03 1.226477059335872970e-02
5.961249046124106332e-03 1.234553563522748990e-02
5.883552561360361199e-03 1.242673368237201537e-02
5.806965776631811682e-03 1.250835630222866743e-02
5.731480654351528425e-03 1.259039523737771893e-02
5.657088580689251245e-03 1.267284240264347425e-02
5.583780414819661253e-03 1.275568988216887155e-02
5.511546535496458787e-03 1.283892992647244456e-02
5.440376885211539726e-03 1.292255494949238678e-02
5.370261011864885248e-03 1.300655752562545828e-02
5.301188108346732708e-03 1.309093038676516219e-02
5.233147049565012310e-03 1.317566641934427712e-02
5.166126427687156575e-03 1.326075866138561737e-02
5.100114585070369966e-03 1.334620029956720341e-02
5.035099645429752524e-03 1.343198466630286803e-02
4.971069542874406721e-03 1.351810523684450135e-02
4.908012049503307495e-03 1.360455562640615519e-02
4.845914800908401876e-03 1.369132958731662277e-02
4.784765320295536473e-03 1.377842100619895184e-02
0.000000000000000000e+00 0.000000000000000000e+00
-2.653120123251144769e-01 1.209424741368768895e-02
4.397843059161354873e-03 1.204498732774590165e-02
4.433875695506961367e-03 1.199596211481579293e-02
4.470176500629086114e-03 1.194717466630084053e-02
4.506744080202074176e-03 1.189862790688798501e-02
4.543576874639965180e-03 1.185032479464232999e-02
4.580673153387504470e-03 1.180226832108661507e-02
4.618031009136880360e-03 1.175446151126466852e-02
4.655648351937657914e-03 1.170690742378824485e-02
4.693522903244318201e-03 1.165960915086622536e-02
4.731652189865487301e-03 1.161256981831521734e-02
4.770033537852796934e-03 1.156579258555146331e-02
4.808664066320050834e-03 1.151928064556189540e-02
4.847540681195305901e-03 1.147303722485481375e-02
4.886660068936232726e-03 1.142706558338840543e-02
4.926018690160099966e-03 1.138136901447644143e-02
4.965612773301736338e-03 1.133595084467015242e-02
5.005438308159276817e-03 1.129081443361537422e-02
5.045491039499694352e-03 1.124596317388457459e-02
5.085766460591140126e-03 1.120140049078083462e-02
5.126259806775473882e-03 1.115712984211575561e-02
5.166966049037852171e-03 1.111315471795767604e-02
5.207879887601879476e-03 1.106947864035012427e-02
5.248995745562839987e-03 1.102610516300012340e-02
5.290307762566143213e-03 1.098303787093431183e-02
5.331809788578445453e-03 1.094028038012205724e-02
5.373495377686138275e-03 1.089783633706529510e-02
5.415357782053265012e-03 1.085570941835239771e-02
5.457389945950602561e-03 1.081390333017707983e-02
5.499584499915083358e-03 1.077242180782004947e-02
5.541933755105074577e-03 1.073126861509141917e-02
5.584429697764861644e-03 1.069044754373558830e-02
5.627063983910177147e-03 1.064996241279513207e-02
5.669827934221924326e-03 1.060981706793297924e-02
5.712712529185814958e-03 1.057001538071370046e-02
5.755708404422188451e-03 1.053056124784019359e-02
5.798805846393917385e-03 1.049145859034731829e-02
5.841994788314999743e-03 1.045271135274962633e-02
5.885264806461176779e-03 1.041432350214334390e-02
5.928605116761354044e-03 1.037629902726203146e-02
5.972004571829475639e-03 1.033864193748342854e-02
6.015451658377454769e-03 1.030135626178855721e-02
6.058934494995317499e-03 1.026444604767149694e-02
6.102440830499836211e-03 1.022791535999863569e-02
6.145958042665530807e-03 1.019176827981790531e-02
6.189473137507266881e-03 1.015600890311611423e-02
6.232972749129692125e-03 1.012064133952576654e-02
6.276443140040395552e-03 1.008566971097723565e-02
6.319870202207750545e-03 1.005109815030200485e-02
6.363239458599126257e-03 1.001693079977850238e-02
6.406536065434546671e-03 9.983171809628755416e-03
6.449744815126305306e-03 9.949825336459413097e-03
6.492850139871724977e-03 9.916895541650186732e-03
6.535836116031840115e-03 9.884386589688879537e-03
6.578686469198059134e-03 9.852302646453136095e-03
6.621384580095045908e-03 9.820647877439973167e-03
6.663913491266652833e-03 9.789426445940998048e-03
6.706255914533679197e-03 9.758642511168242814e-03
6.748394239400448691e-03 9.728300226326582964e-03
6.790310542208355393e-03 9.698403736634884573e-03
6.831986596258221578e-03 9.668957177300539427e-03
6.873403882761544570e-03 9.639964671441273239e-03
6.914543602764819386e-03 9.611430327962258713e-03
6.955386689941334133e-03 9.583358239384338895e-03
6.995913824333385711e-03 9.555752479629479185e-03
7.036105447014509573e-03 9.528617101761754915e-03
7.075941775764232888e-03 9.501956135685558913e-03
7.115402821520053211e-03 9.475773585806633939e-03
7.154468405989350410e-03 9.450073428651926261e-03
7.193118179966678793e-03 9.424859610457121326e-03
7.231331642766847256e-03 9.400136044717918513e-03
7.269088162417558507e-03 9.375906609712813047e-03
7.306366996887248000e-03 9.352175145995404032e-03
7.343147316034581706e-03 9.328945453863380852e-03
7.379408224526207150e-03 9.306221290804038773e-03
7.415128785622143726e-03 9.284006368919354296e-03
7.450288045485004007e-03 9.262304352337382210e-03
7.484865058676654082e-03 9.241118854607663705e-03
7.518838913931041867e-03 9.220453436090488356e-03
7.552188760939160250e-03 9.200311601337673312e-03
7.584893837595946264e-03 9.180696796473169011e-03
7.616933497826522403e-03 9.161612406574785525e-03
7.648287240029444378e-03 9.143061753062035543e-03
7.678934735870668327e-03 9.125048091093709152e-03
7.708855859553137568e-03 9.107574606980287438e-03
7.738030717442723194e-03 9.090644415613004237e-03
7.766439677813152809e-03 9.074260557918200146e-03
7.794063400984319046e-03 9.058425998336241958e-03
7.820882869464029774e-03 9.043143622333023671e-03
7.846879418081265101e-03 9.028416233948321698e-03
7.872034764189128619e-03 9.014246553382503080e-03
7.896331037750115023e-03 9.000637214630078167e-03
7.919750811021475378e-03 8.987590763161600049e-03
7.942277128198949043e-03 8.975109653659940623e-03
7.963893534500388061e-03 8.963196247814610509e-03
7.984584104879288713e-03 8.951852812179550770e-03
8.004333472051206044e-03 8.941081516096568288e-03
8.023126854076856329e-03 8.930884429691756179e-03
8.040950081015796336e-03 8.921263521945893213e-03
8.057789620800670516e-03 8.912220658846167071e-03
0.000000000000000000e+00 0.000000000000000000e+00
-1.347896002509265445e+00 5.420678543543050801e-03
3.676994346110218359e-02 5.359450951919708835e-03
3.756763622305103745e-02 5.305630954610260179e-03
3.828230661124498724e-02 5.259445962635658431e-03
3.890242786425734955e-02 5.221098593986801990e-03
3.941744408677338996e-02 5.190762555661525279e-03
3.981818883694820954e-02 5.168578912744309882e-03
4.009727429031428869e-02 5.154652920629367897e-03
4.024942174837109476e-02 5.149051580040839120e-03
4.027170680167913019e-02 5.151802044194804531e-03
4.016369833427324565e-02 5.162890965156904759e-03
3.992747920607664369e-02 5.182264815744986979e-03
3.956754678178175944e-02 5.209831169030192458e-03
3.909060206346670618e-02 5.245460864973540242e-03
3.850524555300560703e-02 5.288990948093950061e-03
3.782160488653929509e-02 5.340228225361832309e-03
3.705092299072743067e-02 5.398953272233720548e-03
3.620513583250772882e-02 5.464924707574225250e-03
3.529646614728232379e-02 5.537883564145046171e-03
3.433705460806046883e-02 5.617557598056419077e-03
3.333864371473882482e-02 5.703665404966772913e-03
3.231232320125787538e-02 5.795920239533067404e-03
3.126833977263387965e-02 5.894033464540508402e-03
3.021596904024204111e-02 5.997717584723234741e-03
2.916344388789127162e-02 6.106688845680103075e-03
2.811793121168298937e-02 6.220669399404716617e-03
2.708554789417477737e-02 6.339389054341604095e-03
2.607140676560137926e-02 6.462586639636081279e-03
2.507968389621684224e-02 6.590011020793531613e-03
2.411369959905262927e-02 6.721421807953869600e-03
2.317600677581121982e-02 6.856589799133077159e-03
2.226848154278859848e-02 6.995297199804628718e-03
2.139241231271532540e-02 7.137337657733050858e-03
2.054858460782083007e-02 7.282516148576186239e-03
1.973735980892749042e-02 7.430648743880530725e-03
1.895874679350573189e-02 7.581562289032059594e-03
1.821246599526868404e-02 7.735094014741802047e-03
1.749800584418442773e-02 7.891091101881582415e-03
1.681467184704873996e-02 8.049410216057909309e-03
1.616162876508725477e-02 8.209917025246976988e-03
1.553793646270879014e-02 8.372485711148278109e-03
1.494258005794148192e-02 8.536998482616993747e-03
1.437449501875272262e-02 8.703345097599488739e-03
1.383258783313649765e-02 8.871422398380839069e-03
1.331575284490812972e-02 9.041133863623405237e-03
1.282288580003403122e-02 9.212389179594071900e-03
1.235289459545889368e-02 9.385103832112247704e-03
1.190470766795094851e-02 9.559198720061921201e-03
1.147728040727781160e-02 9.734599790778192957e-03
1.106959992786198978e-02 9.911237697204434635e-03
1.068068848647660621e-02 1.008904747640896986e-02
1.030960579233306321e-02 1.026796824882423263e-02
9.955450417975658661e-03 1.044794293740963949e-02
9.617360487437082162e-03 1.062891800583481983e-02
9.294513789010555582e-03 1.081084321470934285e-02
8.986127436115230738e-03 1.099367139486053836e-02
8.691457178058560606e-03 1.117735823664107314e-02
8.409796445103076556e-03 1.136186209426580558e-02
8.140475196865712415e-03 1.154714380420146687e-02
7.882858630285038970e-03 1.173316651665601111e-02
7.636345792931542587e-03 1.191989553927090724e-02
7.400368138086421688e-03 1.210729819214683735e-02
7.174388051187072235e-03 1.229534367339423125e-02
6.957897370355181632e-03 1.248400293443846162e-02
6.750415919362443007e-03 1.267324856436354528e-02
6.551490066688744895e-03 1.286305468262086485e-02
6.360691321282724298e-03 1.305339683947942704e-02
6.177614972505601765e-03 1.324425192363254053e-02
6.001878779988784052e-03 1.343559807642520469e-02
5.833121716703748572e-03 1.362741461219689303e-02
5.671002767758753782e-03 1.381968194428030358e-02
5.515199785659119502e-03 1.401238151622726663e-02
5.365408402479676653e-03 1.420549573786236350e-02
5.221340998068618733e-03 1.439900792580602051e-02
5.082725723512426796e-03 1.459290224812380063e-02
4.949305578190149602e-03 1.478716367279607653e-02
4.820837538553807144e-03 1.498177791971632908e-02
4.697091737031061642e-03 1.517673141596098500e-02
4.577850688394446976e-03 1.537201125408192877e-02
4.462908561944145536e-03 1.556760515319861177e-02
4.352070496847465497e-03 1.576350142268719348e-02
4.245151958713194729e-03 1.595968892826850685e-02
4.141978135005192074e-03 1.615615706032902041e-02
4.042383367272972539e-03 1.635289570430334405e-02
3.946210618043705098e-03 1.654989521297661401e-02
3.853310970399120849e-03 1.674714638056497631e-02
3.763543158246035469e-03 1.694464041844840826e-02
3.676773125537019515e-03 1.714236893243861401e-02
3.592873612584673859e-03 1.734032390147421943e-02
3.511723767833790921e-03 1.753849765764242327e-02
3.433208783505559136e-03 1.773688286743447390e-02
3.357219553707657678e-03 1.793547251415289132e-02
3.283652353347821240e-03 1.813425988138654341e-02
3.212408536898414546e-03 1.833323853748359752e-02
3.143394255398446191e-03 1.853240232095529350e-02
3.076520190794462817e-03 1.873174532674739406e-02
3.011701306311342918e-03 1.893126189331740747e-02
2.948856612047301429e-03 1.913094659047212542e-02
2.887908944569472780e-03 1.933079420790857414e-02
2.828784759839664265e-03 1.953079974441391392e-02
0.000000000000000000e+00 0.000000000000000000e+00
-8.123642268654273080e-01 1.240563218374198494e-02
1.192801998886094950e-02 1.229483427006343617e-02
1.214319505681249467e-02 1.218581730021075019e-02
1.236056651245076576e-02 1.207862949658041266e-02
1.257994798428652139e-02 1.197331998457265567e-02
1.280113369386337574e-02 1.186993875662503174e-02
1.302389767395628617e-02 1.176853663013585453e-02
1.324799305014567885e-02 1.166916519890889500e-02
1.347315140149951684e-02 1.157187677776435816e-02
1.369908221741156229e-02 1.147672433997851647e-02
1.392547246868680588e-02 1.138376144724166823e-02
1.415198631187464251e-02 1.129304217185582784e-02
1.437826494668015265e-02 1.120462101093475625e-02
1.460392664654497352e-02 1.111855279241882703e-02
1.482856698277745799e-02 1.103489257277501072e-02
1.505175926221369309e-02 1.095369552632011884e-02
1.527305519776023246e-02 1.087501682618110740e-02
1.549198582971567095e-02 1.079891151699449020e-02
1.570806271428415446e-02 1.072543437953864948e-02
1.592077939293568001e-02 1.065463978759766291e-02
1.612961315340843971e-02 1.058658155746631906e-02
1.633402708946452009e-02 1.052131279062040042e-02
1.653347246197683917e-02 1.045888571019952008e-02
1.672739135911599506e-02 1.039935149207465818e-02
1.691521964781478315e-02 1.034276009139606552e-02
1.709639020276443322e-02 1.028916006564145093e-02
1.727033639242753216e-02 1.023859839530612270e-02
1.743649579572592589e-02 1.019112030348462948e-02
1.759431411533479706e-02 1.014676907570015267e-02
1.774324924799236536e-02 1.010558588142385084e-02
1.788277546539085439e-02 1.006760959879936766e-02
1.801238765363721850e-02 1.003287664414350550e-02
1.813160555489173875e-02 1.000142080782127907e-02
1.823997795027088031e-02 9.973273098105667200e-03
1.833708672123163241e-02 9.948461594610196607e-03
1.842255072453202747e-02 9.927011312838603455e-03
1.849602941732270134e-02 9.908944081322595618e-03
1.855722616955007842e-02 9.894278432714816510e-03
1.860589120563124754e-02 9.883029510082077043e-03
1.864182412135356737e-02 9.875208989483541880e-03
1.866487593002372214e-02 9.870825019751842261e-03
1.867495059854221151e-02 9.869882180193263049e-03
1.867200604434213207e-02 9.872381456720334680e-03
1.865605457409387491e-02 9.878320236702676019e-03
1.862716275517307951e-02 9.887692322603022430e-03
1.858545072303562085e-02 9.900487964228451773e-03
1.853109093727783874e-02 9.916693909209904276e-03
1.846430641074974649e-02 9.936293471101023331e-03
1.838536844531692485e-02 9.959266614288916214e-03
1.829459391653573408e-02 9.985590054718360836e-03
1.819234215738203819e-02 1.001523737527221757e-02
1.807901149701557353e-02 1.004817915450184444e-02
1.795503551475700552e-02 1.008438310729218787e-02
1.782087907289930245e-02 1.012381423595234281e-02
1.767703419234725737e-02 1.016643499016544119e-02
1.752401583558156617e-02 1.021220543419541077e-02
1.736235765859971136e-02 1.026108341974234922e-02
1.719260779120555804e-02 1.031302476286052178e-02
1.701532470011266063e-02 1.036798342338555133e-02
1.683107318411772302e-02 1.042591168539105245e-02
1.664042054527595238e-02 1.048676033726861877e-02
1.644393297268018084e-02 1.055047885011869274e-02
1.624217216981072021e-02 1.061701555325486601e-02
1.603569224890824541e-02 1.068631780573003204e-02
1.582503690986891698e-02 1.075833216292517575e-02
1.561073691466438595e-02 1.083300453735502357e-02
1.539330786266984719e-02 1.091028035298062700e-02
1.517324826640698010e-02 1.099010469243468131e-02
1.495103792377200369e-02 1.107242243668805741e-02
1.472713657698637713e-02 1.115717839680036363e-02
1.450198284694892426e-02 1.124431743750313288e-02
1.427599342732505106e-02 1.133378459246567674e-02
1.404956252176259301e-02 1.142552517117873846e-02
1.382306150507606191e-02 1.151948485748488342e-02
1.359683878925899148e-02 1.161560979984126163e-02
1.337121987380929244e-02 1.171384669347645853e-02
1.314650755970486751e-02 1.181414285465213695e-02
1.292298230815686066e-02 1.191644628728488406e-02
1.270090272315910207e-02 1.202070574222325640e-02
1.248050614044077244e-02 1.212687076950400705e-02
1.226200930466669892e-02 1.223489176393240986e-02
1.204560911823054914e-02 1.234472000434956238e-02
1.183148344700218901e-02 1.245630768695902071e-02
1.161979196850376761e-02 1.256960795308882661e-02
1.141067705031895141e-02 1.268457491176887969e-02
1.120426464747348305e-02 1.280116365749442084e-02
1.100066520832287953e-02 1.291933028354762085e-02
1.079997458095149909e-02 1.303903189123282146e-02
1.060227491203014072e-02 1.316022659537193461e-02
1.040763553167156630e-02 1.328287352639658664e-02
1.021611381916065486e-02 1.340693282935023246e-02
1.002775604503647333e-02 1.353236566011039449e-02
9.842598185437534397e-03 1.365913417910953782e-02
9.660666706661102943e-03 1.378720154283166396e-02
9.481979317080946323e-03 1.391653189333300240e-02
9.306545685401346191e-03 1.404709034602570454e-02
9.134368123638769710e-03 1.417884297594212625e-02
8.965442235323584086e-03 1.431175680268475386e-02
8.799757527431228965e-03 1.444579977425006559e-02
8.637297987447056791e-03 1.458094074989704954e-02
0.000000000000000000e+00 0.000000000000000000e+00
-1.416903608623145128e-01 1.522571765548206245e-02
1.887046405213005373e-03 1.511815001491296009e-02
1.914085078313976229e-03 1.501063698069053827e-02
1.941694751319722467e-03 1.490317973462183462e-02
1.969891183526556455e-03 1.479577949222407769e-02
1.998690665168334490e-03 1.468843750391104173e-02
2.028110038254454794e-03 1.458115505622894353e-02
2.058166718330173284e-03 1.447393347314361242e-02
2.088878717197650836e-03 1.436677411738245501e-02
2.120264666641613616e-03 1.425967839183273599e-02
2.152343843217482955e-03 1.415264774099951606e-02
2.185136194134004728e-03 1.404568365252624462e-02
2.218662364312451452e-03 1.393878765878062316e-02
2.252943724640646406e-03 1.383196133850922958e-02
2.288002401516497919e-03 1.372520631856434352e-02
2.323861307713476210e-03 1.361852427570666053e-02
2.360544174655879179e-03 1.351191693848699180e-02
2.398075586141107385e-03 1.340538608921194690e-02
2.436481013612476487e-03 1.329893356599735899e-02
2.475786853040534696e-03 1.319256126491335362e-02
2.516020463462581569e-03 1.308627114222683276e-02
2.557210207325313900e-03 1.298006521674584246e-02
2.599385492649805562e-03 1.287394557227021508e-02
2.642576817127831323e-03 1.276791436015622082e-02
2.686815814267662361e-03 1.266197380199862201e-02
2.732135301642138470e-03 1.255612619243779565e-02
2.778569331352981342e-03 1.245037390209838279e-02
2.826153242842494029e-03 1.234471938066594894e-02
2.874923718104840931e-03 1.223916516010913925e-02
2.924918839452547714e-03 1.213371385805611831e-02
2.976178149943400908e-03 1.202836818133038062e-02
3.028742716558174841e-03 1.192313092965957382e-02
3.082655196304462386e-03 1.181800499956218303e-02
3.137959905303119856e-03 1.171299338842363494e-02
3.194702891082285001e-03 1.160809919877239978e-02
3.252932008076081516e-03 1.150332564276662292e-02
3.312696996627249868e-03 1.139867604690264664e-02
3.374049565482761803e-03 1.129415385695804915e-02
3.437043478026619026e-03 1.118976264318212975e-02
3.501734642304944745e-03 1.108550610574779438e-02
3.568181205102625986e-03 1.098138808047977553e-02
3.636443650054756171e-03 1.087741254487180863e-02
3.706584900074662986e-03 1.077358362441568213e-02
3.778670424165322256e-03 1.066990559925089233e-02
3.852768348719354946e-03 1.056638291116124284e-02
3.928949573516912069e-03 1.046302017093280780e-02
4.007287892453113148e-03 1.035982216609499830e-02
4.087860119117138480e-03 1.025679386906986137e-02
4.170746217367334550e-03 1.015394044574687189e-02
4.256029436872085098e-03 1.005126726451267133e-02
4.343796453743286462e-03 9.948779905760457565e-03
4.434137516246793899e-03 9.846484171904553925e-03
4.527146595560416209e-03 9.744386097932376464e-03
4.622921541557616781e-03 9.642491962521815285e-03
4.721564243470383754e-03 9.540808299757556898e-03
4.823180795303968343e-03 9.439341911481676992e-03
4.927881665762124525e-03 9.338099880312672463e-03
5.035781872346389160e-03 9.237089583371993484e-03
5.147001159312061813e-03 9.136318706760090599e-03
5.261664178857324015e-03 9.035795260819951685e-03
5.379900675053353454e-03 8.935527596237571868e-03
5.501845669595890886e-03 8.835524421023298672e-03
5.627639648604548794e-03 8.735794818422652416e-03
5.757428749193535533e-03 8.636348265810498900e-03
5.891364944572458073e-03 8.537194654619455550e-03
6.029606226018086046e-03 8.438344311360305994e-03
6.172316779916323104e-03 8.339808019791332405e-03
6.319667157506717037e-03 8.241597044298732896e-03
6.471834434979617523e-03 8.143723154547718654e-03
6.629002360635516400e-03 8.046198651471802785e-03
6.791361485889685357e-03 7.949036394663310315e-03
6.959109275840744124e-03 7.852249831235067271e-03
7.132450194931083676e-03 7.755853026217068499e-03
7.311595762122091724e-03 7.659860694564787735e-03
7.496764569705549608e-03 7.564288234837884123e-03
7.688182258520998014e-03 7.469151764623432541e-03
7.886081441424969141e-03 7.374468157769617158e-03
8.090701566432517700e-03 7.280255083487396917e-03
8.302288708422672636e-03 7.186531047385605331e-03
8.521095278329476885e-03 7.093315434487517356e-03
8.747379636339425169e-03 7.000628554276105107e-03
8.981405594164576511e-03 6.908491687804221675e-03
9.223441790077668845e-03 6.816927136891127309e-03
9.473760917827062089e-03 6.725958275413948355e-03
9.732638788963077214e-03 6.635609602685150696e-03
1.000035320584652387e-02 6.545906798877306962e-03
1.027718261973831204e-02 6.456876782442015107e-03
1.056340454707915821e-02 6.368547769420818301e-03
1.085929371322413850e-02 6.280949334524257334e-03
1.116511989174173713e-02 6.194112473795448069e-03
1.148114540387412674e-02 6.108069668635749891e-03
1.180762224202708266e-02 6.022854950892663449e-03
1.214478877713798255e-02 5.938503968659408251e-03
1.249286601102539418e-02 5.855054052336479062e-03
1.285205333169914255e-02 5.772544280426899696e-03
1.322252373144983117e-02 5.691015544425980649e-03
1.360441844747062312e-02 5.610510612058483733e-03
1.399784098991230241e-02 5.531074187971721928e-03
1.440285052345635641e-02 5.452752970874573391e-03
1.481945458000216709e-02 5.375595705930711829e-03
0.000000000000000000e+00 0.000000000000000000e+00
-7.592574305823283076e-01 8.980860101660950723e-03
1.554400222244245455e-02 8.947044262056882621e-03
1.565813021771322866e-02 8.915406264515554277e-03
1.576576029423748526e-02 8.885969371322417765e-03
1.586658898281545493e-02 8.858755524753793645e-03
1.596032612546316454e-02 8.833785270154027869e-03
1.604669683823012338e-02 8.811077682303316769e-03
1.612544342586896828e-02 8.790650295657049737e-03
1.619632722480102149e-02 8.772519039024437651e-03
1.625913035103687676e-02 8.756698175232250844e-03
1.631365732993905748e-02 8.743200246291058311e-03
1.635973658577161149e-02 8.732036024543813474e-03
1.639722177037628015e-02 8.723214470232696499e-03
1.642599291194013489e-02 8.716742695868768404e-03
1.644595736741838454e-02 8.712625937732235495e-03
1.645705056445412318e-02 8.710867534767541623e-03
1.645923652185832253e-02 8.711468915070963437e-03
1.645250814082005464e-02 8.714429590098644526e-03
1.643688726245179366e-02 8.719747156648853526e-03
1.641242449085189570e-02 8.727417306600102412e-03
1.637919878422305908e-02 8.737433844313712006e-03
1.633731682036643207e-02 8.749788711536579319e-03
1.628691214597538517e-02 8.764472019572368613e-03
1.622814412208950507e-02 8.781472088423390374e-03
1.616119668149412769e-02 8.800775492546640891e-03
1.608627691559610939e-02 8.822367112811597967e-03
1.600361351058909865e-02 8.846230194200693786e-03
1.591345505481189804e-02 8.872346408753180314e-03
1.581606823934156303e-02 8.900695923218607600e-03
1.571173597558528368e-02 8.931257470862987227e-03
1.560075545320049883e-02 8.964008426850659725e-03
1.548343616152048074e-02 8.998924886619082131e-03
1.536009789738829179e-02 9.035981746657756677e-03
1.523106878072691406e-02 9.075152787111217742e-03
1.509668329856064806e-02 9.116410755634693844e-03
1.495728039552896016e-02 9.159727451952245914e-03
1.481320162864951939e-02 9.205073812588568730e-03
1.466478940024756872e-02 9.252419995272532366e-03
1.451238528265910710e-02 9.301735462546367739e-03
1.435632844480624892e-02 9.352989064145543832e-03
1.419695418946226306e-02 9.406149117753531685e-03
1.403459260756120819e-02 9.461183487776069281e-03
1.386956735367710081e-02 9.518059661815238617e-03
1.370219454574429785e-02 9.576744824570715409e-03
1.353278178905020779e-02 9.637205928928228860e-03
1.336162732424452798e-02 9.699409764039892967e-03
1.318901929666748546e-02 9.763323020237390723e-03
1.301523514363988471e-02 9.828912350651974883e-03
1.284054109513461939e-02 9.896144429456372321e-03
1.266519178225880907e-02 9.964986006667573074e-03
1.248942994743641559e-02 1.003540395948561252e-02
1.231348624967656263e-02 1.010736534016640729e-02
1.213757915766955353e-02 1.018083742045282521e-02
1.196191492364180251e-02 1.025578773260970612e-02
1.178668763034611960e-02 1.033218410712670975e-02
1.161207930399465321e-02 1.040999470717130296e-02
1.143826008577217279e-02 1.048918805988652975e-02
1.126538845479188589e-02 1.056973308464097261e-02
1.109361149589695172e-02 1.065159911834863415e-02
1.092306520547205173e-02 1.073475593798059284e-02
1.075387482953309159e-02 1.081917378040387311e-02
1.058615522798529718e-02 1.090482335967456022e-02
1.042001126002053968e-02 1.099167588192937785e-02
1.025553818552915608e-02 1.107970305800795932e-02
1.009282207815573318e-02 1.116887711394626455e-02
9.931940245976433879e-03 1.125917079947677361e-02
9.772961656070972003e-03 1.135055739467052092e-02
9.615947359764037694e-03 1.144301071485078619e-02
9.460950915808202799e-03 1.153650511390794629e-02
9.308018808756451934e-03 1.163101548613962484e-02
9.157190860709402136e-03 1.172651726673232080e-02
9.008500634298727272e-03 1.182298643100312442e-02
8.861975825551288155e-03 1.192039949250688763e-02
8.717638645283076748e-03 1.201873350011510924e-02
8.575506188049475398e-03 1.211796603416493388e-02
8.435590787877533803e-03 1.221807520177079290e-02
8.297900359933330083e-03 1.231903963138483542e-02
8.162438728218146533e-03 1.242083846669362474e-02
8.029205938390571173e-03 1.252345135992164599e-02
7.898198556127222769e-03 1.262685846461831900e-02
7.769409950701966494e-03 1.273104042799507764e-02
7.642830563979297054e-03 1.283597838287143210e-02
7.518448165043933873e-03 1.294165393929249362e-02
7.396248090680568321e-03 1.304804917586612628e-02
7.276213471988202119e-03 1.315514663087406083e-02
7.158325447698843380e-03 1.326292929319673047e-02
7.042563364288878525e-03 1.337138059309612645e-02
6.928904963655779792e-03 1.348048439289491543e-02
6.817326558710257167e-03 1.359022497758194045e-02
6.707803197231521075e-03 1.370058704538108275e-02
6.600308814718292005e-03 1.381155569830538887e-02
6.494816376735546015e-03 1.392311643272718495e-02
6.391298010853585509e-03 1.403525512998349441e-02
6.289725129400902670e-03 1.414795804703753747e-02
6.190068542792803719e-03 1.426121180721670774e-02
6.092298564524978310e-03 1.437500339104015763e-02
5.996385107713164686e-03 1.448932012715239276e-02
5.902297774464548841e-03 1.460414968337221155e-02
5.810005937475715143e-03 1.471948005787366946e-02
5.719478815293888019e-03 1.483529957050074011e-02
0.000000000000000000e+00 0.000000000000000000e+00
3.398461149841425222e-01 1.104543635805288818e-02
-6.114813055013490484e-03 1.101296797470884339e-02
-6.150743427645877226e-03 1.098091380269820144e-02
-6.186521941501599287e-03 1.094927747985101341e-02
-6.222135870732725671e-03 1.091806263846367524e-02
-6.257572285484236385e-03 1.088727290381845403e-02
-6.292818058207583221e-03 1.085691189266921666e-02
-6.327859870485230687e-03 1.082698321169401311e-02
-6.362684220356684683e-03 1.079749045591543721e-02
-6.397277430171932622e-03 1.076843720708934270e-02
-6.431625654945705151e-03 1.073982703206272787e-02
-6.465714891251028718e-03 1.071166348110248051e-02
-6.499530986633694774e-03 1.068395008619486830e-02
-6.533059649544870062e-03 1.065669035931799714e-02
-6.566286459802062048e-03 1.062988779068797449e-02
-6.599196879575247587e-03 1.060354584698034418e-02
-6.631776264896388495e-03 1.057766796952762552e-02
-6.664009877650339808e-03 1.055225757249529314e-02
-6.695882898124810856e-03 1.052731804103778333e-02
-6.727380438004471053e-03 1.050285272943465506e-02
-6.758487553880282439e-03 1.047886495921126170e-02
-6.789189261220324179e-03 1.045535801724351531e-02
-6.819470548816652933e-03 1.043233515384979493e-02
-6.849316393647914003e-03 1.040979958087187227e-02
-6.878711776172719006e-03 1.038775446974710311e-02
-6.907641696079325211e-03 1.036620294957322531e-02
-6.936091188296855670e-03 1.034514810516936820e-02
-6.964045339532626278e-03 1.032459297513452917e-02
-6.991489304978920627e-03 1.030454054990635401e-02
-7.018408325421360283e-03 1.028499376982272041e-02
-7.044787744638764115e-03 1.026595552318818744e-02
-7.070613026949224000e-03 1.024742864434894339e-02
-7.095869775060853479e-03 1.022941591177754968e-02
-7.120543748073804302e-03 1.021192004617117559e-02
-7.144620879614441145e-03 1.019494370856527388e-02
-7.168087296053976543e-03 1.017848949846671125e-02
-7.190929334864148981e-03 1.016255995200722635e-02
-7.213133562895976403e-03 1.014715754012133000e-02
-7.234686794759540018e-03 1.013228466675224378e-02
-7.255576110999417683e-03 1.011794366708577801e-02
-7.275788876336772293e-03 1.010413680581876208e-02
-7.295312757626071232e-03 1.009086627546117339e-02
-7.314135741672861402e-03 1.007813419467796894e-02
-7.332246152862431643e-03 1.006594260667104460e-02
-7.349632670400972623e-03 1.005429347760506374e-02
-7.366284345334352113e-03 1.004318869508022925e-02
-7.382190617140238498e-03 1.003263006665362084e-02
-7.397341329897572787e-03 1.002261931841249600e-02
-7.411726748036381526e-03 1.001315809360219487e-02
-7.425337571549213075e-03 1.000424795130968290e-02
-7.438164950636469430e-03 9.995890365207902445e-03
-7.450200499831855297e-03 9.988086722360178804e-03
-7.461436311399888624e-03 9.980838322088906450e-03
-7.471864968164768778e-03 9.974146374910026341e-03
-7.481479555521371172e-03 9.968012001534611033e-03
-7.490273672809993899e-03 9.962436231941915188e-03
-7.498241443827269315e-03 9.957420004521107260e-03
-7.505377526556347711e-03 9.952964165288652465e-03
-7.511677122097749904e-03 9.949069467179891615e-03
-7.517135982630165913e-03 9.945736569413910280e-03
-7.521750418600842147e-03 9.942966036940011076e-03
-7.525517304876661040e-03 9.940758339959139891e-03
-7.528434086087443244e-03 9.939113853526044401e-03
-7.530498780900937716e-03 9.938032857230568937e-03
-7.531709985407322727e-03 9.937515534961404232e-03
-7.532066875490336932e-03 9.937561974748076662e-03
-7.531569208259911163e-03 9.938172168687879962e-03
-7.530217322408314096e-03 9.939346012950893774e-03
-7.528012137709566565e-03 9.941083307869557836e-03
-7.524955153369594640e-03 9.943383758107797107e-03
-7.521048445559896933e-03 9.946246972911854112e-03
-7.516294663839434564e-03 9.949672466442202254e-03
-7.510697026722051861e-03 9.953659658183891187e-03
-7.504259316179068273e-03 9.958207873437459681e-03
-7.496985871307870752e-03 9.963316343888183393e-03
-7.488881581130812926e-03 9.968984208250236678e-03
-7.479951876218249307e-03 9.975210512989638595e-03
-7.470202719932400592e-03 9.981994213118581052e-03
-7.459640598319439153e-03 9.989334173065085587e-03
-7.448272509578468537e-03 9.997229167612300613e-03
-7.436105952572186206e-03 1.000567788290777048e-02
-7.423148914618427074e-03 1.001467891754002047e-02
-7.409409858641330393e-03 1.002423078368076467e-02
-7.394897709585068757e-03 1.003433190828958120e-02
-7.379621840219063866e-03 1.004498063438210784e-02
-7.363592056474632663e-03 1.005617522235256744e-02
-7.346818581974445816e-03 1.006791385135805995e-02
-7.329312042386404435e-03 1.008019462075183600e-02
-7.311083449069388784e-03 1.009301555157130457e-02
-7.292144182457716006e-03 1.010637458807292326e-02
-7.272505974952381269e-03 1.012026959931357044e-02
-7.252180893711934750e-03 1.013469838077566201e-02
-7.231181322871427231e-03 1.014965865603165152e-02
-7.209519945763409599e-03 1.016514807844840287e-02
-7.187209726909338237e-03 1.018116423292359310e-02
-7.164263893797817584e-03 1.019770463765765772e-02
-7.140695918583017665e-03 1.021476674595201556e-02
-7.116519499881568400e-03 1.023234794803553130e-02
-7.091748544308329461e-03 1.025044557291469177e-02
-7.066397148242919979e-03 1.026905689024387551e-02
0.000000000000000000e+00 0.000000000000000000e+00
-1.088458811919619684e+00 1.079851877995919099e-02
1.676544194356388573e-02 1.067557452421363101e-02
1.715114376399773377e-02 1.055570036047974621e-02
1.753986865961998376e-02 1.043900205363093234e-02
1.793079858298662899e-02 1.032558728346599959e-02
1.832302758323911540e-02 1.021556541355023683e-02
1.871555992046147754e-02 1.010904722443508631e-02
1.910730918192948824e-02 1.000614460971250771e-02
1.949709858119941241e-02 9.906970233748754046e-03
1.988366262221386016e-02 9.811637150423730552e-03
2.026565030570892656e-02 9.720258382782362080e-03
2.064163004253638523e-02 9.632946464182827462e-03
2.101009641765483327e-02 9.549812942296811297e-03
2.136947891769935826e-02 9.470967848176439080e-03
2.171815269477661570e-02 9.396519133530725418e-03
2.205445138821948703e-02 9.326572080336518675e-03
2.237668196618636252e-02 9.261228687917223007e-03
2.268314148019678900e-02 9.200587043627939457e-03
2.297213555138943875e-02 9.144740684247651755e-03
2.324199832879536576e-02 9.093777956063062856e-03
2.349111358168176622e-02 9.047781382389163268e-03
2.371793651425868621e-02 9.006827047863406183e-03
2.392101582505512525e-02 8.970984009239131585e-03
2.409901548129023130e-02 8.940313742548996329e-03
2.425073564356883260e-02 8.914869636381796830e-03
2.437513216285569495e-02 8.894696540604318802e-03
2.447133408154955614e-02 8.879830379150322264e-03
2.453865860711257341e-02 8.870297834504116061e-03
2.457662308652930339e-02 8.866116110249205873e-03
2.458495359491702503e-02 8.867292776564885889e-03
2.456358985557555163e-02 8.873825701888887404e-03
2.451268632673297976e-02 8.885703072181302606e-03
2.443260941952030141e-02 8.902903497383696935e-03
2.432393093933782335e-02 8.925396202845402305e-03
2.418741796915463427e-02 8.953141301749446140e-03
2.402401952474858549e-02 8.986090142976632666e-03
2.383485040914135045e-02 9.024185727454775777e-03
2.362117276676417577e-02 9.067363184894483563e-03
2.338437588849034965e-02 9.115550301942648009e-03
2.312595484276097624e-02 9.168668092203926395e-03
2.284748850830531364e-02 9.226631398296755715e-03
2.255061755958506775e-02 9.289349516104923252e-03
2.223702291411555620e-02 9.356726831641862252e-03
2.190840509172156669e-02 9.428663461427653353e-03
2.156646486550457820e-02 9.505055887949342627e-03
2.121288550883926316e-02 9.585797582596004493e-03
2.084931686299575093e-02 9.670779609382777753e-03
2.047736137356941100e-02 9.759891203762896886e-03
2.009856217152230368e-02 9.853020321840887802e-03
1.971439320948930457e-02 9.950054156295577018e-03
1.932625140790357465e-02 1.005087961628766020e-02
1.893545071981942579e-02 1.015538376952259542e-02
1.854321798611669944e-02 1.026345424546455665e-02
1.815069042774075658e-02 1.037497959942536643e-02
1.775891460310285996e-02 1.048984963788922829e-02
1.736884665108692771e-02 1.060795570597104082e-02
1.698135363665538577e-02 1.072919093834423174e-02
1.659721582073313273e-02 1.085345047532500044e-02
1.621712968370858654e-02 1.098063164606253445e-02
1.584171154299585105e-02 1.111063412096577503e-02
1.547150161979099492e-02 1.124336003562613137e-02
1.510696842391148764e-02 1.137871408854032075e-02
1.474851334251137125e-02 1.151660361495783491e-02
1.439647533302293447e-02 1.165693863913942578e-02
1.405113563651369524e-02 1.179963190724818076e-02
1.371272244142310304e-02 1.194459890300712118e-02
1.338141544109350267e-02 1.209175784814505231e-02
1.305735023992399269e-02 1.224102968952857882e-02
1.274062257437519330e-02 1.239233807475205625e-02
1.243129232306322551e-02 1.254560931781557691e-02
1.212938728964452206e-02 1.270077235639068339e-02
1.183490674748688409e-02 1.285775870203442403e-02
1.154782474184912200e-02 1.301650238458522922e-02
1.126809314915594440e-02 1.317693989184787716e-02
1.099564449730400240e-02 1.333901010555515847e-02
1.073039455312818635e-02 1.350265423448799434e-02
1.047224468581975376e-02 1.366781574551854776e-02
1.022108401687604751e-02 1.383444029326965155e-02
9.976791367409532096e-03 1.400247564896742875e-02
9.739237015523649621e-03 1.417187162900830112e-02
9.508284275745904068e-03 1.434258002367578763e-02
9.283790913285183688e-03 1.451455452638069320e-02
9.065610405471324906e-03 1.468775066374379892e-02
8.853593062370102018e-03 1.486212572677982416e-02
8.647587018349334187e-03 1.503763870340701914e-02
8.447439105766452183e-03 1.521425021245177180e-02
8.252995621050140951e-03 1.539192243929432893e-02
8.064102993485700033e-03 1.557061907326431210e-02
7.880608365816166305e-03 1.575030524686536065e-02
7.702360095166116416e-03 1.593094747689108304e-02
7.529208182525226611e-03 1.611251360746557629e-02
7.361004638169466041e-03 1.629497275503563603e-02
7.197603789397932772e-03 1.647829525531193176e-02
7.038862537475099046e-03 1.666245261215758278e-02
6.884640568700195473e-03 1.684741744840562161e-02
6.734800525447393049e-03 1.703316345857613240e-02
6.589208141053126688e-03 1.721966536346146784e-02
6.447732343845768987e-03 1.740689886653846649e-02
6.310245332901587290e-03 1.759484061216496503e-02
6.176622629983086199e-03 1.778346814550983701e-02
0.000000000000000000e+00 0.000000000000000000e+00
4.187195078021169747e-01 1.910476358470887884e-02
-4.345205840182220225e-03 1.890355496434537388e-02
-4.438615447158678062e-03 1.870271093406326857e-02
-4.534889174704626047e-03 1.850224336687116694e-02
-4.634136776488273490e-03 1.830216463321816464e-02
-4.736472793657575675e-03 1.810248762592062827e-02
-4.842016767829693258e-03 1.790322578650269114e-02
-4.950893461394878514e-03 1.770439313303543566e-02
-5.063233084908580484e-03 1.750600428956722299e-02
-5.179171531271176132e-03 1.730807451723957377e-02
-5.298850616271000291e-03 1.711061974719147588e-02
-5.422418324914357601e-03 1.691365661536085516e-02
-5.550029062805494906e-03 1.671720249929380467e-02
-5.681843911652162404e-03 1.652127555708531731e-02
-5.818030887745628821e-03 1.632589476857509991e-02
-5.958765201926730093e-03 1.613107997893290305e-02
-6.104229519437509577e-03 1.593685194477141923e-02
-6.254614217367615581e-03 1.574323238293503374e-02
-6.410117637395129631e-03 1.555024402211495002e-02
-6.570946330701488147e-03 1.535791065745082708e-02
-6.737315291516277060e-03 1.516625720828495942e-02
-6.909448175267007830e-03 1.497530977923889131e-02
-7.087577496253050224e-03 1.478509572478903765e-02
-7.271944799243867941e-03 1.459564371752313829e-02
-7.462800798344215725e-03 1.440698382026135010e-02
-7.660405475291842681e-03 1.421914756222614033e-02
-7.865028128306139621e-03 1.403216801945270271e-02
-8.076947361180142337e-03 1.384607989961892521e-02
-8.296451000622595551e-03 1.366091963148184478e-02
-8.523835928284873020e-03 1.347672545908981320e-02
-8.759407811925468135e-03 1.329353754093499755e-02
-9.003480717812040179e-03 1.311139805419359039e-02
-9.256376584289544018e-03 1.293035130417831066e-02
-9.518424533661390408e-03 1.275044383910311704e-02
-9.789959996533342812e-03 1.257172457021964694e-02
-1.007132361975188184e-02 1.239424489735099430e-02
-1.036285992556659763e-02 1.221805883977678496e-02
-1.066491568599556294e-02 1.204322317237727091e-02
-1.097783797251195015e-02 1.186979756684213710e-02
-1.130197183725376031e-02 1.169784473766998303e-02
-1.163765757789433919e-02 1.152743059255414287e-02
-1.198522753434592969e-02 1.135862438662194572e-02
-1.234500236150257169e-02 1.119149887983186299e-02
-1.271728671940533517e-02 1.102613049663742767e-02
-1.310236431868914975e-02 1.086259948682534102e-02
-1.350049225831169430e-02 1.070099008616368953e-02
-1.391189459163143932e-02 1.054139067523180047e-02
-1.433675505871533779e-02 1.038389393446624738e-02
-1.477520892695367502e-02 1.022859699310348786e-02
-1.522733388886133091e-02 1.007560156929122527e-02
-1.569313997747936312e-02 9.925014098205118748e-03
-1.617255847588210810e-02 9.776945844523160165e-03
-1.666542981856966935e-02 9.631512995090529133e-03
-1.717149051222445488e-02 9.488836727078404920e-03
-1.769035913878258537e-02 9.349043246365139684e-03
-1.822152155034177656e-02 9.212263790314959358e-03
-1.876431541939449499e-02 9.078634588581591808e-03
-1.931791437369126396e-02 8.948296775047574411e-03
-1.988131201973106221e-02 8.821396243586212410e-03
-2.045330624293023591e-02 8.698083439993205615e-03
-2.103248426516199365e-02 8.578513082260026332e-03
-2.161720903590183540e-02 8.462843801383910028e-03
-2.220560763140752569e-02 8.351237695182344919e-03
-2.279556242750313544e-02 8.243859788166109717e-03
-2.338470589068775141e-02 8.140877391482042452e-03
-2.397041988943560131e-02 8.042459358308216497e-03
-2.454984045176811236e-02 7.948775231923015452e-03
-2.511986887507294819e-02 7.859994285998071067e-03
-2.567719001993473693e-02 7.776284459489798268e-03
-2.621829847722567663e-02 7.697811191798689494e-03
-2.673953308519605443e-02 7.624736167563637458e-03
-2.723711998026934200e-02 7.557215984476231378e-03
-2.770722400229835847e-02 7.495400761652813021e-03
-2.814600784575632675e-02 7.439432710243670463e-03
-2.854969787759220612e-02 7.389444691815327468e-03
-2.891465505373880251e-02 7.345558793396555347e-03
-2.923744889725621299e-02 7.307884950640007420e-03
-2.951493209576494525e-02 7.276519652074701049e-03
-2.974431296576507400e-02 7.251544757702432439e-03
-2.992322287354298727e-02 7.233026464046266729e-03
-3.004977570818523347e-02 7.221014445139672076e-03
-3.012261670339277941e-02 7.215541194874890325e-03
-3.014095829745033761e-02 7.216621590720336682e-03
-3.010460128000935764e-02 7.224252692359237234e-03
-3.001394017634395617e-02 7.238413781566131223e-03
-2.986995259846370043e-02 7.259066642066689529e-03
-2.967417309517195179e-02 7.286156070621998930e-03
-2.942865279643247511e-02 7.319610603553362502e-03
-2.913590680157163160e-02 7.359343436784097567e-03
-2.879885177446817046e-02 7.405253512481470117e-03
-2.842073653486087981e-02 7.457226741784992764e-03
-2.800506857405538064e-02 7.515137330971681344e-03
-2.755553937004218135e-02 7.578849177746671897e-03
-2.707595116685790337e-02 7.648217305058279541e-03
-2.657014753569852950e-02 7.723089301726817832e-03
-2.604194960552419502e-02 7.803306742029299421e-03
-2.549509936902905061e-02 7.888706559927766149e-03
-2.493321098683409787e-02 7.979122357614772815e-03
-2.435973054822926365e-02 8.074385632209135633e-03
-2.377790434326843005e-02 8.174326908569196429e-03
0.000000000000000000e+00 0.000000000000000000e+00
1.161599588564113716e+00 5.087364884945821085e-03
-3.657651817498397406e-02 5.068358074275480969e-03
-3.680222941965127781e-02 5.056177595987594586e-03
-3.692969014486302548e-02 5.050872836635286744e-03
-3.695683544624484007e-02 5.052465453434913656e-03
-3.688322280412514864e-02 5.060948934838805334e-03
-3.671004999427140980e-02 5.076288732975967229e-03
-3.644010673854669591e-02 5.098422961723671210e-03
-3.607766370104781295e-02 5.127263627835359182e-03
-3.562830695511232104e-02 5.162698338913052423e-03
-3.509872962602178514e-02 5.204592412908748932e-03
-3.449649469799287438e-02 5.252791300537161708e-03
-3.382978380883183700e-02 5.307123225071241554e-03
-3.310714630005262560e-02 5.367401943378345003e-03
-3.233726107702661334e-02 5.433429537048653848e-03
-3.152872130964445851e-02 5.504999151949392308e-03
-3.068984905982319322e-02 5.581897617159811698e-03
-2.982854392422862322e-02 5.663907888599939433e-03
-2.895216702999392488e-02 5.750811277483795260e-03
-2.806745941967658808e-02 5.842389437937631387e-03
-2.718049211765427575e-02 5.938426100947512623e-03
-2.629664400387271561e-02 6.038708552737443759e-03
-2.542060298527260009e-02 6.143028864492996316e-03
-2.455638576868995893e-02 6.251184887018066544e-03
-2.370737169362818753e-02 6.362981028572393775e-03
-2.287634647554293021e-02 6.478228837024914595e-03
-2.206555224356682166e-02 6.596747408863691195e-03
-2.127674085434783091e-02 6.718363647826591616e-03
-2.051122806386834752e-02 6.842912395254416476e-03
-1.976994670445830771e-02 6.970236452977375541e-03
-1.905349751704443761e-02 7.100186517853035277e-03
-1.836219671779407148e-02 7.232621045152990563e-03
-1.769611973195336918e-02 7.367406055992678331e-03
-1.705514080666273302e-02 7.504414902013641780e-03
-1.643896842865352759e-02 7.643527998630741255e-03
-1.584717662882245692e-02 7.784632536397436547e-03
-1.527923236553588304e-02 7.927622178448300028e-03
-1.473451924834776050e-02 8.072396750551283362e-03
-1.421235790606556471e-02 8.218861929062798097e-03
-1.371202332035882654e-02 8.366928930992766425e-03
-1.323275944921170622e-02 8.516514209473821304e-03
-1.277379145402006422e-02 8.667539157145756623e-03
-1.233433582736156997e-02 8.819929819320603340e-03
-1.191360869666113764e-02 8.973616618255226760e-03
-1.151083255408123784e-02 9.128534089420480349e-03
-1.112524163845229203e-02 9.284620630300140579e-03
-1.075608616981604121e-02 9.441818261970545342e-03
-1.040263561351019439e-02 9.600072403485492706e-03
-1.006418112879378136e-02 9.759331658922596603e-03
-9.740037336307891258e-03 9.919547616808634463e-03
-9.429543520629465186e-03 1.008067466155001222e-02
-9.132064367599970062e-03 1.024266979642031970e-02
-8.846990321495384890e-03 1.040549247760932765e-02
-8.573737634514685263e-03 1.056910445881147423e-02
-8.311748169681124065e-03 1.073346964581113790e-02
-8.060489008830384883e-03 1.089855396052306392e-02
-7.819451908787820871e-03 1.106432521394398738e-02
-7.588152641814054078e-03 1.123075298748909233e-02
-7.366130250322178163e-03 1.139780852219763468e-02
-7.152946240365345987e-03 1.156546461530886909e-02
-6.948183734487287100e-03 1.173369552374041447e-02
-6.751446600131494336e-03 1.190247687400929240e-02
-6.562358567315504376e-03 1.207178557817389572e-02
-6.380562346095491888e-03 1.224159975538688556e-02
-6.205718752451072628e-03 1.241189865868113501e-02
-6.037505849220747844e-03 1.258266260662865843e-02
-5.875618107332045148e-03 1.275387291953821584e-02
-5.719765591001804705e-03 1.292551185987664275e-02
-5.569673170021188779e-03 1.309756257662052399e-02
-5.425079760748879876e-03 1.327000905326649292e-02
-5.285737597469919447e-03 1.344283605924162690e-02
-5.151411534426525440e-03 1.361602910448309230e-02
-5.021878379151467620e-03 1.378957439695687077e-02
-4.896926256622802232e-03 1.396345880292172194e-02
-4.776354004191352143e-03 1.413766980973759843e-02
-4.659970596395029974e-03 1.431219549105050559e-02
-4.547594598939608268e-03 1.448702447418124227e-02
-4.439053651115382193e-03 1.466214590957293055e-02
-4.334183975291699964e-03 1.483754944215124813e-02
-4.232829912773627967e-03 1.501322518446859475e-02
-4.134843484744327169e-03 1.518916369150842896e-02
-4.040083977137898241e-03 1.536535593703945018e-02
-3.948417548487959117e-03 1.554179329141243231e-02
-3.859716859470452288e-03 1.571846750070347506e-02
-3.773860723163380282e-03 1.589537066711393942e-02
-3.690733774917881460e-03 1.607249523054291376e-02
-3.610226160761231817e-03 1.624983395125325844e-02
-3.532233243442928217e-03 1.642737989356115105e-02
-3.456655325056484651e-03 1.660512641048092486e-02
-3.383397385366332388e-03 1.678306712926265487e-02
-3.312368834940737639e-03 1.696119593776341736e-02
-3.243483282314857385e-03 1.713950697160451439e-02
-3.176658314235414338e-03 1.731799460205358035e-02
-3.111815288429325976e-03 1.749665342459631040e-02
-3.048879138008275813e-03 1.767547824814656374e-02
-2.987778186924056056e-03 1.785446408486066755e-02
-2.928443975760919304e-03 1.803360614051043032e-02
-2.870811097403974665e-03 1.821289980538868744e-02
-2.814817041760647731e-03 1.839234064570921881e-02
-2.760402049262311586e-03 1.857192439547069446e-02
0.000000000000000000e+00 0.000000000000000000e+00
