-3.064532714384544665e+00 -4.513090732659690296e+00
1.687958167462799697e+00 -3.203269862230233578e+00
-8.890615726867928004e+00 -5.339972902340692329e+00
-1.482427355396800372e+00 -9.096401971829058297e+00
5.124380023505983317e+00 -2.171844609645032786e+00
-3.520966292446805479e+00 -6.244718733930687549e+00
4.178821950689748377e-01 3.719098972894943067e+00
-5.041508369728067152e+00 -9.663180892681387135e+00
7.529605333824765268e+00 7.846286184289194665e+00
-8.056441774709565351e+00 4.714500681987838782e+00
