0.000000000000000000e+00 1.000000000000000000e+00
5.747943618545515720e-01 9.930439386877177865e-01
5.660924124238516653e-01 9.860461613888152899e-01
5.573766152617124492e-01 9.790058825802180342e-01
5.486515778711552604e-01 9.719223252138421421e-01
5.399218734304553902e-01 9.647947206804083908e-01
5.311920316138222242e-01 9.576223087711388526e-01
5.224665296523830493e-01 9.504043376374248231e-01
5.137497836782723981e-01 9.431400637485594096e-01
5.050461403920544212e-01 9.358287518476160471e-01
4.963598690906619315e-01 9.284696749055666443e-01
4.876951540898060711e-01 9.210621140737158541e-01
4.790560875713017475e-01 9.136053586345412869e-01
4.704466628819575225e-01 9.060987059510138275e-01
4.618707683069366854e-01 8.985414614144831003e-01
4.533321813364490360e-01 8.909329383911995803e-01
4.448345634406636329e-01 8.832724581675548414e-01
4.363814553637225813e-01 8.755593498941074415e-01
4.279762729438542634e-01 8.677929505284704970e-01
4.196223034626076487e-01 8.599726047771296678e-01
4.113227025226723899e-01 8.520976650362591664e-01
4.030804914500998315e-01 8.441674913316018491e-01
3.948985552134507970e-01 8.361814512574797797e-01
3.867796408492396587e-01 8.281389199149948865e-01
3.787263563803487942e-01 8.200392798494841040e-01
3.707411702112912710e-01 8.118819209872835119e-01
3.628264109820219518e-01 8.036662405718641988e-01
3.549842678601049517e-01 7.953916430993908104e-01
3.472167912489933506e-01 7.870575402537587362e-01
3.395258938891881351e-01 7.786633508411607840e-01
3.319133523275718534e-01 7.702085007242358561e-01
3.243808087294479670e-01 7.616924227558449223e-01
3.169297730073907804e-01 7.531145567125248075e-01
3.095616252403889934e-01 7.444743492276619801e-01
3.022776183569386710e-01 7.357712537244333051e-01
2.950788810555838304e-01 7.270047303485527301e-01
2.879664209370825234e-01 7.181742459008660928e-01
2.809411278224356323e-01 7.092792737698343508e-01
2.740037772320612075e-01 7.003192938639409837e-01
2.671550340019286929e-01 6.912937925440592046e-01
2.603954560135980367e-01 6.822022625558170628e-01
2.537254980158356599e-01 6.730442029619898570e-01
2.471455155169395845e-01 6.638191190749538340e-01
2.406557687277590396e-01 6.545265223892322570e-01
2.342564265367337861e-01 6.451659305141613787e-01
2.279475704995608809e-01 6.357368671067060717e-01
2.217291988272196146e-01 6.262388618044509858e-01
2.156012303574656452e-01 6.166714501587926556e-01
2.095635084961113559e-01 6.070341735683586482e-01
2.036158051155922410e-01 5.973265792126737361e-01
1.977578243996471197e-01 5.875482199860990740e-01
1.919892066239959894e-01 5.776986544320626971e-01
1.863095318640791143e-01 5.677774466776018825e-01
1.807183236220367140e-01 5.577841663682376883e-01
1.752150523660709613e-01 5.477183886031983251e-01
1.697991389763994774e-01 5.375796938710075690e-01
1.644699580928519478e-01 5.273676679854569782e-01
1.592268413601092281e-01 5.170819020219755702e-01
1.540690805673345376e-01 5.067219922544091704e-01
1.489959306797055127e-01 4.962875400922269753e-01
1.440066127601434265e-01 4.857781520181659873e-01
1.391003167799727547e-01 4.751934395263229249e-01
1.342762043181002229e-01 4.645330190607088738e-01
1.295334111485462736e-01 4.537965119542742287e-01
1.248710497168862149e-01 4.429835443684139173e-01
1.202882115064081298e-01 4.320937472329619555e-01
1.157839692952992994e-01 4.211267561866848808e-01
1.113573793063813711e-01 4.100822115182783389e-01
1.070074832514048835e-01 3.989597581078785926e-01
1.027333102719112934e-01 3.877590453690896721e-01
9.853387877914066006e-02 3.764797271915378829e-01
9.440819819546225622e-02 3.651214618839536685e-01
9.035527060007719768e-02 3.536839121177888234e-01
8.637409228177628240e-02 3.421667448713724968e-01
8.246365520174556152e-02 3.305696313746093185e-01
7.862294836935623810e-02 3.188922470542225884e-01
7.485095913396927481e-02 3.071342714795459172e-01
7.114667439601118915e-02 2.952953883088664799e-01
6.750908174011363561e-02 2.833752852363197183e-01
6.393717049375868822e-02 2.713736539393390435e-01
6.042993271423974244e-02 2.592901900266602055e-01
5.698636410710569700e-02 2.471245929868825519e-01
5.360546487914658043e-02 2.348765661375865343e-01
5.028624052877317396e-02 2.225458165750078265e-01
4.702770257678079435e-02 2.101320551242684687e-01
4.382886924034473664e-02 1.976349962901636781e-01
4.068876605292987003e-02 1.850543582085042993e-01
3.760642643298750531e-02 1.723898625980133936e-01
3.458089220388782525e-02 1.596412347127759424e-01
3.161121406774947129e-02 1.468082032952395255e-01
2.869645203556348001e-02 1.338905005297653106e-01
2.583567581609486075e-02 1.208878619967263535e-01
2.302796516562050089e-02 1.078000266271513102e-01
2.027241020106357317e-02 9.462673665791097866e-02
1.756811167828031817e-02 8.136773758744592078e-02
1.491418123781013128e-02 6.802277813203083667e-02
1.230974161982267834e-02 5.459161018257441267e-02
9.753926850409988525e-03 4.107398876195007820e-02
7.245882400612746466e-03 2.746967198285601292e-02
4.784765320295536473e-03 1.377842100619895184e-02
0.000000000000000000e+00 0.000000000000000000e+00
0.000000000000000000e+00 1.000000000000000000e+00
2.685206873032834340e-01 9.883340091532453187e-01
2.673423216529689506e-01 9.767117813459340603e-01
2.661387133637405089e-01 9.651330576365605429e-01
2.649095808493939219e-01 9.535975770270948004e-01
2.636546429227829558e-01 9.421050764567643343e-01
2.623736189500723293e-01 9.306552907960728982e-01
2.610662290107864103e-01 9.192479528410614220e-01
2.597321940637317139e-01 9.078827933078175150e-01
2.583712361189086648e-01 8.965595408272402089e-01
2.569830784154791825e-01 8.852779219400640498e-01
2.555674456058961708e-01 8.740376610921515299e-01
2.541240639462613027e-01 8.628384806300567478e-01
2.526526614929872072e-01 8.516801007968693993e-01
2.511529683058378315e-01 8.405622397283425418e-01
2.496247166573906662e-01 8.294846134493117917e-01
2.480676412490128158e-01 8.184469358704122843e-01
2.464814794333295422e-01 8.074489187850979466e-01
2.448659714433046863e-01 7.964902718669709669e-01
2.432208606278802310e-01 7.855707026674255689e-01
2.415458936942550261e-01 7.746899166136143045e-01
2.398408209567695071e-01 7.638476170067415305e-01
2.381053965924066762e-01 7.530435050206895076e-01
2.363393789028909731e-01 7.422772797009847823e-01
2.345425305833537810e-01 7.315486379641101822e-01
2.327146189975282664e-01 7.208572745971668638e-01
2.308554164593873137e-01 7.102028822578944078e-01
2.289647005212055442e-01 6.995851514750535127e-01
2.270422542678922073e-01 6.890037706491771718e-01
2.250878666175316067e-01 6.784584260536968836e-01
2.231013326280088527e-01 6.679488018364468926e-01
2.210824538095306213e-01 6.574745800215566760e-01
2.190310384429407509e-01 6.470354405117322294e-01
2.169469019036162627e-01 6.366310610909345913e-01
2.148298669907430236e-01 6.262611174274596015e-01
2.126797642617319628e-01 6.159252830774255560e-01
2.104964323715942665e-01 6.056232294886709777e-01
2.082797184169029314e-01 5.953546260050720518e-01
2.060294782841485817e-01 5.851191398712796143e-01
2.037455770020941137e-01 5.749164362378844650e-01
2.014278890978542513e-01 5.647461781670137793e-01
1.990762989562676055e-01 5.546080266383629498e-01
1.966907011821851792e-01 5.445016405556694084e-01
1.942710009653175751e-01 5.344266767536294260e-01
1.918171144470767753e-01 5.243827900052654423e-01
1.893289690890386512e-01 5.143696330297455876e-01
1.868065040424800038e-01 5.043868565006610627e-01
1.842496705184306360e-01 4.944341090547624828e-01
1.816584321577825734e-01 4.845110373011624616e-01
1.790327654007186076e-01 4.746172858310037657e-01
1.763726598549847646e-01 4.647524972276002586e-01
1.736781186622990414e-01 4.549163120770506330e-01
1.709491588622145952e-01 4.451083689793285392e-01
1.681858117527910979e-01 4.353283045598535517e-01
1.653881232472930729e-01 4.255757534815424736e-01
1.625561542262333736e-01 4.158503484573459752e-01
1.596899808839304102e-01 4.061517202632708434e-01
1.567896950688004165e-01 3.964794977518912300e-01
1.538554046166194234e-01 3.868333078663489522e-01
1.508872336758090849e-01 3.772127756548447342e-01
1.478853230240042005e-01 3.676175242856239422e-01
1.448498303749384264e-01 3.580471750624532601e-01
1.417809306748218090e-01 3.485013474405936895e-01
1.386788163872414992e-01 3.389796590432666012e-01
1.355436977657215047e-01 3.294817256786171100e-01
1.323758031129946555e-01 3.200071613571703333e-01
1.291753790260696810e-01 3.105555783097838085e-01
1.259426906260823209e-01 3.011265870060945704e-01
1.226780217721591126e-01 2.917197961734591671e-01
1.193816752581312313e-01 2.823348128163873927e-01
1.160539729913999396e-01 2.729712422364668489e-01
1.126952561528358210e-01 2.636286880527784482e-01
1.093058853369558991e-01 2.543067522227990818e-01
1.058862406713421689e-01 2.450050350637921759e-01
1.024367219145835839e-01 2.357231352746810837e-01
9.895774853177274899e-02 2.264606499584040367e-01
9.544975974668543084e-02 2.172171746447485452e-01
9.191321457012863183e-02 2.079923033136600041e-01
8.834859180325779771e-02 1.987856284190238354e-01
8.475639001559576169e-02 1.895967409129146186e-01
8.113712749673457347e-02 1.804252302703104882e-01
7.749134218125766638e-02 1.712706845142676348e-01
7.381959154630379771e-02 1.621326902415501925e-01
7.012245248115031582e-02 1.530108326487110704e-01
6.640052112846470123e-02 1.439046955586186782e-01
6.265441269674631997e-02 1.348138614474235497e-01
5.888476124359420805e-02 1.257379114719605340e-01
5.509221942968717256e-02 1.166764254975786730e-01
5.127745824307045064e-02 1.076289821263945456e-01
4.744116669374354167e-02 9.859515872596148756e-02
4.358405147855787254e-02 8.957453145834748387e-02
3.970683661634583084e-02 8.056667530961629520e-02
3.581026305338841365e-02 7.157116411970280978e-02
3.189508823962866613e-02 6.258757061267618271e-02
2.796208567565466874e-02 5.361546642738241469e-02
2.401204443101345731e-02 4.465442214845841140e-02
2.004576863421025923e-02 3.570400733770877355e-02
1.606407693509126489e-02 2.676379056583778546e-02
1.206780194002360362e-02 1.783333944452635683e-02
8.057789620800670516e-03 8.912220658846167071e-03
0.000000000000000000e+00 0.000000000000000000e+00
0.000000000000000000e+00 1.000000000000000000e+00
1.353188868706621584e+00 9.988157001644852873e-01
1.321619034855441965e+00 9.974805188908382192e-01
1.289160894814798786e+00 9.959929201359443152e-01
1.255899559009370003e+00 9.943514188472968307e-01
1.221931610757277298e+00 9.925545790539219704e-01
1.187364136646396284e+00 9.906010120320222212e-01
1.152313338320990699e+00 9.884893745426305278e-01
1.116902755098844180e+00 9.862183671386298700e-01
1.081261156071315677e+00 9.837867325385494244e-01
1.045520187029286063e+00 9.811932540646139955e-01
1.009811878371478233e+00 9.784367541425935677e-01
9.742661323152380648e-01 9.755160928610642213e-01
9.390083095616765796e-01 9.724301665877660428e-01
9.041570268100360686e-01 9.691779066408159338e-01
8.698222583903088001e-01 9.657582780126021671e-01
8.361038102410657258e-01 9.621702781442624808e-01
8.030902057099064129e-01 9.584129357487179979e-01
7.708579935823741680e-01 9.544853096803083137e-01
7.394714623604056181e-01 9.503864878491394830e-01
7.089827233489751634e-01 9.461155861783291376e-01
6.794321098305334816e-01 9.416717476024006883e-01
6.508488308091961994e-01 9.370541411051412917e-01
6.232518149947303687e-01 9.322619607953072096e-01
5.966506828280906394e-01 9.272944250186210269e-01
5.710467901177844752e-01 9.221507755045654786e-01
5.464342949134146643e-01 9.168302765465404791e-01
5.228012083822817235e-01 9.113322142140071191e-01
5.001303997022207293e-01 9.056558955952951351e-01
4.784005336398230446e-01 8.998006480698083065e-01
4.575869271039381125e-01 8.937658186084125322e-01
4.376623173316516180e-01 8.875507731008418499e-01
4.185975394270780581e-01 8.811548957090037382e-01
4.003621147974282257e-01 8.745775882451172212e-01
3.829247547555304498e-01 8.678182695736559316e-01
3.662537853531878662e-01 8.608763750361160261e-01
3.503175005568371358e-01 8.537513558976669303e-01
3.350844513443995698e-01 8.464426788147860758e-01
3.205236783433483283e-01 8.389498253230145419e-01
3.066048953698716772e-01 8.312722913440065975e-01
2.932986307725488073e-01 8.234095867110859945e-01
2.805763329098316383e-01 8.153612347125482884e-01
2.684104454600932943e-01 8.071267716519882063e-01
2.567744576188012440e-01 7.987057464249561756e-01
2.456429336094866911e-01 7.900977201112820980e-01
2.349915253432348083e-01 7.813022655824296558e-01
2.247969715165911431e-01 7.723189671232731923e-01
2.150370859458081152e-01 7.631474200677164088e-01
2.056907374978304837e-01 7.537872304475936591e-01
1.967378235940979714e-01 7.442380146543218222e-01
1.881592389290866751e-01 7.344993991127909405e-01
1.799368407579439166e-01 7.245710199670072349e-01
1.720534118612091490e-01 7.144525227770167630e-01
1.644926220861922528e-01 7.041435622266656313e-01
1.572389891881167401e-01 6.936438018417634410e-01
1.502778395467720962e-01 6.829529137182454024e-01
1.435952692109332962e-01 6.720705782599323275e-01
1.371781056209937510e-01 6.609964839255175750e-01
1.310138702758409102e-01 6.497303269844186824e-01
1.250907425409684692e-01 6.382718112811456290e-01
1.193975247385731381e-01 6.266206480078591046e-01
1.139236086146013099e-01 6.147765554847974823e-01
1.086589432412781303e-01 6.027392589482722940e-01
1.035940043840411773e-01 5.905084903459387746e-01
9.871976533908144447e-02 5.780839881390625878e-01
9.402766922932749571e-02 5.654654971115180562e-01
8.950960273304794934e-02 5.526527681852576590e-01
8.515787120862788884e-02 5.396455582420109920e-01
8.096517517158868804e-02 5.264436299509757111e-01
7.692458807417934530e-02 5.130467516022747532e-01
7.302953533456527091e-02 4.994546969459637276e-01
6.927377456011477030e-02 4.856672450363828664e-01
6.565137690854414010e-02 4.716841800816491403e-01
6.215670953022106593e-02 4.575052912981045772e-01
5.878441903580730599e-02 4.431303727695319883e-01
5.552941593417853872e-02 4.285592233109652427e-01
5.238685998722811266e-02 4.137916463369231135e-01
4.935214643002025503e-02 3.988274497339087676e-01
4.642089300634991145e-02 3.836664457370150827e-01
4.358892777242476257e-02 3.683084508104888521e-01
4.085227762302354182e-02 3.527532855321112160e-01
3.820715749714381770e-02 3.370007744812549833e-01
3.564996022206301518e-02 3.210507461304890620e-01
3.317724695713059058e-02 3.049030327406004326e-01
3.078573820062541211e-02 2.885574702589148721e-01
2.847230532516190071e-02 2.720138982207970235e-01
2.623396260910149103e-02 2.552721596542183446e-01
2.406785973341382667e-02 2.383321009872850782e-01
2.197127471516874264e-02 2.211935719586216598e-01
1.994160725069263340e-02 2.038564255305103379e-01
1.797637244305638760e-02 1.863205178046904165e-01
1.607319489014447100e-02 1.685857079407266645e-01
1.422980311094829142e-02 1.506518580768547999e-01
1.244402428940288852e-02 1.325188332532217239e-01
1.071377931601463773e-02 1.141865013374377819e-01
9.037078109154494943e-03 9.565473295236100182e-02
7.412015198773491687e-03 7.692340140603710907e-02
5.836765556617717898e-03 5.799238262372550384e-02
4.309580657801126424e-03 3.886155508193644276e-02
2.828784759839664265e-03 1.953079974441391392e-02
0.000000000000000000e+00 0.000000000000000000e+00
0.000000000000000000e+00 1.000000000000000000e+00
8.214469142750719932e-01 9.915085001519471364e-01
8.185732422483171788e-01 9.830672441778949278e-01
8.154547107264104033e-01 9.746733779866793013e-01
8.120878064817552699e-01 9.663240465423984515e-01
8.084692317444348575e-01 9.580163951927558319e-01
8.045959244909881569e-01 9.497475709816061151e-01
8.004650794495106192e-01 9.415147239435683879e-01
7.960741697571046549e-01 9.333150083786667661e-01
7.914209691902169830e-01 9.251455841050585382e-01
7.865035748715905051e-01 9.170036176880084211e-01
7.813204303396977801e-01 9.088862836433823089e-01
7.758703488477475263e-01 9.007907656140353714e-01
7.701525367397370481e-01 8.927142575175918138e-01
7.641666167311397251e-01 8.846539646642227472e-01
7.579126509016275159e-01 8.766071048431499646e-01
7.513911631874320429e-01 8.685709093767174371e-01
7.446031611417645024e-01 8.605426241409944721e-01
7.375501567139778336e-01 8.525195105519903782e-01
7.302341857818855919e-01 8.444988465166766156e-01
7.226578261581294571e-01 8.364779273481290911e-01
7.148242137808118457e-01 8.284540666442189449e-01
7.067370567916030355e-01 8.204245971293862016e-01
6.984006472020507506e-01 8.123868714591441220e-01
6.898198698511259774e-01 8.043382629870663436e-01
6.810002083649351334e-01 7.962761664941097051e-01
6.719477478433224515e-01 7.881979988802237935e-01
6.626691740186513302e-01 7.801011998182935114e-01
6.531717686584185278e-01 7.719832323705526633e-01
6.434634010174515861e-01 7.638415835676851673e-01
6.335525151850349701e-01 7.556737649509196464e-01
6.234481132187426056e-01 7.474773130774943208e-01
6.131597340087647785e-01 7.392497899899410641e-01
6.026974278728756129e-01 7.309887836497039881e-01
5.920717269430892937e-01 7.226919083356720952e-01
5.812936114677873523e-01 7.143568050082559351e-01
5.703744722179732163e-01 7.059811416396978290e-01
5.593260692496997422e-01 6.975626135113462967e-01
5.481604873374839038e-01 6.890989434786691792e-01
5.368900884515047656e-01 6.805878822048193610e-01
5.255274617053610209e-01 6.720272083635985272e-01
5.140853712470746517e-01 6.634147288126934772e-01
5.025767026052803121e-01 6.547482787380836111e-01
4.910144080315265169e-01 6.460257217705396293e-01
4.794114513986382220e-01 6.372449500751509177e-01
4.677807532240164656e-01 6.284038844148304159e-01
4.561351363835268180e-01 6.195004741887538691e-01
4.444872730687711715e-01 6.105326974467014667e-01
4.328496335160925690e-01 6.014985608802670969e-01
4.212344370019827644e-01 5.923960997919039961e-01
4.096536055572211898e-01 5.832233780427724668e-01
3.981187208018574508e-01 5.739784879803466744e-01
3.866409842470837632e-01 5.646595503467342070e-01
3.752311813497964943e-01 5.552647141686506416e-01
3.638996495419450916e-01 5.457921566299775984e-01
3.526562503927048176e-01 5.362400829278183290e-01
3.415103459969350830e-01 5.266067261129571131e-01
3.304707796216725946e-01 5.168903469156000963e-01
3.195458605829623044e-01 5.070892335572647625e-01
3.087433532708037109e-01 4.972017015496651426e-01
2.980704701906716214e-01 4.872260934814166555e-01
2.875338688460770120e-01 4.771607787933636602e-01
2.771396522499775528e-01 4.670041535433134272e-01
2.668933728218229606e-01 4.567546401609338669e-01
2.568000394035194756e-01 4.464106871935520915e-01
2.468641271100462664e-01 4.359707690435643546e-01
2.370895897194116864e-01 4.254333856981473705e-01
2.274798743012026447e-01 4.147970624519343175e-01
2.180379377834427146e-01 4.040603496232946235e-01
2.087662651613531595e-01 3.932218222648355410e-01
1.996668890613508829e-01 3.822800798687153723e-01
1.907414103848887876e-01 3.712337460673371115e-01
1.819910197723933476e-01 3.600814683299645713e-01
1.734165196441176948e-01 3.488219176557859624e-01
1.650183465938785399e-01 3.374537882639164210e-01
1.567965939307439105e-01 3.259757972808184912e-01
1.487510341842351314e-01 3.143866844255908677e-01
1.408811414092621117e-01 3.026852116935553894e-01
1.331861131458374481e-01 2.908701630385515102e-01
1.256648919096056138e-01 2.789403440543262724e-01
1.183161861065859521e-01 2.668945816553857098e-01
1.111384902836687893e-01 2.547317237576561255e-01
1.041301046430583854e-01 2.424506389592831768e-01
9.728915376347019306e-02 2.300502162218771851e-01
9.061360448541377899e-02 2.175293645524968289e-01
8.410128293008312106e-02 2.048870126866428887e-01
7.774989063261261713e-02 1.921221087725209498e-01
7.155701978094475280e-02 1.792336200568106774e-01
6.552016755951983740e-02 1.662205325721671512e-01
5.963674960505793710e-02 1.530818508266632572e-01
5.390411258816374396e-02 1.398165974953663460e-01
4.831954593960752220e-02 1.264238131142319255e-01
4.288029274463378560e-02 1.129025557764775506e-01
3.758355983278205414e-02 9.925190083159488030e-02
3.242652709270599232e-02 8.547094058713868014e-02
2.740635604436991724e-02 7.155878401342383177e-02
2.252019770198865345e-02 5.751455645124820687e-02
1.776519976275647839e-02 4.333739932275011003e-02
1.313851315580449874e-02 2.902646984549764678e-02
8.637297987447056791e-03 1.458094074989704954e-02
0.000000000000000000e+00 0.000000000000000000e+00
0.000000000000000000e+00 1.000000000000000000e+00
1.438733886860741329e-01 9.849292106702809413e-01
1.441919539022510355e-01 9.699655559829846174e-01
1.445063947187936182e-01 9.551089646747411566e-01
1.448164766035686946e-01 9.403593639226988099e-01
1.451219553795081163e-01 9.257166793035788155e-01
1.454225768186087897e-01 9.111808347514992468e-01
1.457180762176427391e-01 8.967517525145248802e-01
1.460081779546922032e-01 8.824293531099025589e-01
1.462925950255848928e-01 8.682135552779373100e-01
1.465710285592591866e-01 8.541042759344651403e-01
1.468431673110308089e-01 8.401014301218724389e-01
1.471086871326988677e-01 8.262049309586173562e-01
1.473672504183448917e-01 8.124146895871992013e-01
1.476185055246596323e-01 7.987306151205268989e-01
1.478620861645347229e-01 7.851526145866289941e-01
1.480976107726226232e-01 7.716805928716524710e-01
1.483246818414766244e-01 7.583144526610905434e-01
1.485428852268446953e-01 7.450540943791817972e-01
1.487517894205826474e-01 7.318994161264134046e-01
1.489509447895915606e-01 7.188503136150717898e-01
1.491398827791315662e-01 7.059066801027686910e-01
1.493181150787141753e-01 6.930684063238740089e-01
1.494851327487524695e-01 6.803353804187888265e-01
1.496404053060344519e-01 6.677074878609788877e-01
1.497833797659617328e-01 6.551846113816967021e-01
1.499134796394364089e-01 6.427666308923117855e-01
1.500301038821602873e-01 6.304534234041669905e-01
1.501326257939713527e-01 6.182448629458776601e-01
1.502203918657830650e-01 6.061408204779846765e-01
1.502927205715302028e-01 5.941411638048726962e-01
1.503489011024079502e-01 5.822457574838594274e-01
1.503881920405944483e-01 5.704544627313589134e-01
1.504098199694600679e-01 5.587671373260201246e-01
1.504129780171992170e-01 5.471836355087349446e-01
1.503968243305843222e-01 5.357038078794138514e-01
1.503604804755320212e-01 5.243275012904132781e-01
1.503030297608581034e-01 5.130545587365049620e-01
1.502235154815948492e-01 5.018848192412675990e-01
1.501209390779834341e-01 4.908181177397808459e-01
1.499942582061837837e-01 4.798542849574946589e-01
1.498423847164647715e-01 4.689931472851450733e-01
1.496641825346361476e-01 4.582345266495856384e-01
1.494584654421817482e-01 4.475782403803916232e-01
1.492239947504614972e-01 4.370241010721007124e-01
1.489594768642245604e-01 4.265719164419399800e-01
1.486635607294374550e-01 4.162214891828909247e-01
1.483348351603737680e-01 4.059726168119367484e-01
1.479718260407613672e-01 3.958250915133308956e-01
1.475729933936050231e-01 3.857786999767260916e-01
1.471367283143016069e-01 3.758332232299920195e-01
1.466613497615019690e-01 3.659884364665493273e-01
1.461451012001502570e-01 3.562441088670428857e-01
1.455861470911226641e-01 3.466000034151698328e-01
1.449825692218644213e-01 3.370558767074765538e-01
1.443323628725259877e-01 3.276114787569324172e-01
1.436334328121787740e-01 3.182665527900829239e-01
1.428835891198783903e-01 3.090208350375820423e-01
1.420805428256283753e-01 2.998740545178987804e-01
1.412219013665544642e-01 2.908259328139866096e-01
1.403051638541626955e-01 2.818761838427041311e-01
1.393277161489818727e-01 2.730245136167679942e-01
1.382868257397430467e-01 2.642706199990160210e-01
1.371796364249474598e-01 2.556141924487574935e-01
1.360031627958768197e-01 2.470549117599808442e-01
1.347542845212598150e-01 2.385924497911882103e-01
1.334297404353831373e-01 2.302264691866243163e-01
1.320261224331457650e-01 2.219566230886638181e-01
1.305398691778326126e-01 2.137825548411198262e-01
1.289672596296307372e-01 2.057038976832374355e-01
1.273044064061036873e-01 1.977202744341332030e-01
1.255472489889445376e-01 1.898312971674441241e-01
1.236915467955005954e-01 1.820365668759494626e-01
1.217328721379123124e-01 1.743356731259343984e-01
1.196666030981743123e-01 1.667281937010604009e-01
1.174879163531647175e-01 1.592136942355214246e-01
1.151917799907943296e-01 1.517917278362637401e-01
1.127729463664528253e-01 1.444618346940547970e-01
1.102259450573485067e-01 1.372235416831994459e-01
1.075450759833220526e-01 1.300763619497066204e-01
1.047244027736327632e-01 1.230197944877247512e-01
1.017577464725423209e-01 1.160533237040780596e-01
9.863867969130599156e-02 1.091764189707491034e-01
9.536052133032416056e-02 1.023885341651748077e-01
9.191633201393900610e-02 9.568910719824205713e-02
8.829891040066761843e-02 8.907755952989120096e-02
8.450079055421821916e-02 8.255329567226643572e-02
8.051424058610362477e-02 7.611570268037476383e-02
7.633126280736335367e-02 6.976414963025592830e-02
7.194359565751795582e-02 6.349798708469452102e-02
6.734271771058997214e-02 5.731654654655227860e-02
6.251985409332233568e-02 5.121913989983574444e-02
5.746598568665794993e-02 4.520505883867211028e-02
5.217186152164915436e-02 3.927357428440897413e-02
4.662801481967854267e-02 3.342393579112022672e-02
4.082478316883886293e-02 2.765537093985843964e-02
3.475233336837291187e-02 2.196708472206565510e-02
2.840069151337382136e-02 1.635825891262351547e-02
2.175977892679575865e-02 1.082805143311347910e-02
1.481945458000216709e-02 5.375595705930711829e-03
0.000000000000000000e+00 0.000000000000000000e+00
0.000000000000000000e+00 1.000000000000000000e+00
7.654801586967282523e-01 9.935049919890741599e-01
7.561148952506226983e-01 9.869769897050744145e-01
7.465915125062470015e-01 9.804144379961391431e-01
7.369165196897500270e-01 9.738157995510007270e-01
7.270967423868668345e-01 9.671795549430203254e-01
7.171393088505079172e-01 9.605042026617860440e-01
7.070516343468159493e-01 9.537882591327035975e-01
6.968414035883379043e-01 9.470302587249946891e-01
6.865165513264899211e-01 9.402287537485303215e-01
6.760852411988007571e-01 9.333823144399152616e-01
6.655558429495093131e-01 9.264895289382446553e-01
6.549369081641166490e-01 9.195490032509470169e-01
6.442371446791289591e-01 9.125593612101255969e-01
6.334653898472338840e-01 9.055192444198052470e-01
6.226305828545672938e-01 8.984273121944892360e-01
6.117417363008578191e-01 8.912822414894188139e-01
6.008079072641507867e-01 8.840827268229326519e-01
5.898381680796209725e-01 8.768274801913038541e-01
5.788415770663526416e-01 8.695152309764370147e-01
5.678271494367659322e-01 8.621447258467930252e-01
5.568038286208073506e-01 8.547147286519047871e-01
5.457804582306803320e-01 8.472240203108372114e-01
5.347657548824515938e-01 8.396713986949391195e-01
5.237682820784904658e-01 8.320556785052225512e-01
5.127964253388916926e-01 8.243756911447008839e-01
5.018583687524885706e-01 8.166302845860030635e-01
4.909620730982338088e-01 8.088183232345775853e-01
4.801152556658045967e-01 8.009386877877858746e-01
4.693253718822343323e-01 7.929902750901803854e-01
4.585995988275974877e-01 7.849719979852486373e-01
4.479448206994264270e-01 7.768827851639003024e-01
4.373676162623583163e-01 7.687215810099602420e-01
4.268742482965868779e-01 7.604873454429268431e-01
4.164706550373646898e-01 7.521790537582392355e-01
4.061624435770683217e-01 7.437956964652955305e-01
3.959548851832955241e-01 7.353362791234486773e-01
3.858529124686944645e-01 7.267998221762012045e-01
3.758611183343003592e-01 7.181853607838118991e-01
3.659837565945426308e-01 7.094919446545165931e-01
3.562247441819781368e-01 7.007186378745581257e-01
3.465876648209844646e-01 6.918645187372126637e-01
3.370757740532844826e-01 6.829286795709905711e-01
3.276920054940478111e-01 6.739102265671833569e-01
3.184389781942328357e-01 6.648082796069183509e-01
3.093190049848039691e-01 6.556219720878769808e-01
3.003341016787054452e-01 6.463504507508255337e-01
2.914859970091723818e-01 6.369928755060978443e-01
2.827761431863103359e-01 6.275484192601648026e-01
2.742057269584557977e-01 6.180162677424154705e-01
2.657756810703945094e-01 6.083956193322749284e-01
2.574866960166311003e-01 5.986856848867652126e-01
2.493392319945054170e-01 5.888856875686263592e-01
2.413335309692198893e-01 5.789948626750890393e-01
2.334696287699012385e-01 5.690124574674044755e-01
2.257473671434476192e-01 5.589377310012138000e-01
2.181664057001042045e-01 5.487699539578466679e-01
2.107262336920703027e-01 5.385084084766258439e-01
2.034261815735822210e-01 5.281523879882541461e-01
1.962654322975110888e-01 5.177011970493510251e-01
1.892430323103509726e-01 5.071541511782061695e-01
1.823579022132085226e-01 4.965105766918077035e-01
1.756088470625107034e-01 4.857698105442036507e-01
1.689945662891821354e-01 4.749312001662465144e-01
1.625136632201668041e-01 4.639941033067689902e-01
1.561646541905424568e-01 4.529578878752362203e-01
1.499459772384972578e-01 4.418219317859130024e-01
1.438560003791695130e-01 4.305856228035838673e-01
1.378930294565768599e-01 4.192483583908590550e-01
1.320553155755891939e-01 4.078095455570975303e-01
1.263410621186575600e-01 3.962686007089720741e-01
1.207484313538225718e-01 3.846249495027030951e-01
1.152755506426700050e-01 3.728780266979807578e-01
1.099205182582574380e-01 3.610272760135959103e-01
1.046814088243883667e-01 3.490721499847945219e-01
9.955627838858632783e-02 3.370121098223707867e-01
9.454316914189514476e-02 3.248466252735087156e-01
8.964011379948649827e-02 3.125751744843852098e-01
8.484513965595602558e-02 3.001972438645370556e-01
8.015627233010086394e-02 2.877123279530020561e-01
7.557153921355724835e-02 2.751199292862352430e-01
7.108897263799968114e-02 2.624195582678024441e-01
6.670661277541051204e-02 2.496107330398521229e-01
6.242251028570711124e-02 2.366929793563636031e-01
5.823472872580198745e-02 2.236658304581704559e-01
5.414134673389259245e-02 2.105288269497519182e-01
5.014046000220018229e-02 1.972815166777905083e-01
4.623018305130310868e-02 1.839234546114871804e-01
4.240865081843164797e-02 1.704542027246263303e-01
3.867402007173936784e-02 1.568733298793835162e-01
3.502447066223252081e-02 1.431804117118637421e-01
3.145820662430065529e-02 1.293750305193624717e-01
2.797345713528198718e-02 1.154567751493354583e-01
2.456847734443401432e-02 1.014252408900662428e-01
2.124154908042147349e-02 8.728002936301894332e-02
1.799098144670585597e-02 7.302074841686116702e-02
1.481511131310198071e-02 5.864701202314359652e-02
1.171230371194031949e-02 4.415844017362101359e-02
8.680952145900311390e-03 2.955465877920096865e-02
5.719478815293888019e-03 1.483529957050074011e-02
0.000000000000000000e+00 0.000000000000000000e+00
0.000000000000000000e+00 1.000000000000000000e+00
-3.435667515834789909e-01 9.895931461555820263e-01
-3.411755841386832078e-01 9.792080833248385519e-01
-3.387513956006497629e-01 9.688444120689380101e-01
-3.362942376175707682e-01 9.585017317585753371e-01
-3.338041740998177742e-01 9.481796405984479481e-01
-3.312812814395660332e-01 9.378777356520280328e-01
-3.287256487242892211e-01 9.275956128666250633e-01
-3.261373779436055331e-01 9.173328670987328515e-01
-3.235165841889693916e-01 9.070890921396534967e-01
-3.208633958456747481e-01 8.968638807413940039e-01
-3.181779547766618310e-01 8.866568246428254696e-01
-3.154604164975833291e-01 8.764675145961026148e-01
-3.127109503426012682e-01 8.662955403933323417e-01
-3.099297396203904986e-01 8.561404908934864277e-01
-3.071169817598132235e-01 8.460019540495515855e-01
-3.042728884447333249e-01 8.358795169359078958e-01
-3.013976857374388585e-01 8.257727657759290629e-01
-2.984916141901858833e-01 8.156812859697979423e-01
-2.955549289442963024e-01 8.056046621225260163e-01
-2.925878998163585210e-01 7.955424780721738198e-01
-2.895908113710091714e-01 7.854943169182608820e-01
-2.865639629798261145e-01 7.754597610503581873e-01
-2.835076688658498822e-01 7.654383921768547205e-01
-2.804222581333096764e-01 7.554297913538904341e-01
-2.773080747821172753e-01 7.454335390144468665e-01
-2.741654777066621640e-01 7.354492149975867532e-01
-2.709948406786419350e-01 7.254763985778341917e-01
-2.677965523133914449e-01 7.155146684946877000e-01
-2.645710160195355876e-01 7.055636029822551780e-01
-2.613186499315555134e-01 6.956227797990047756e-01
-2.580398868249683120e-01 6.856917762576214548e-01
-2.547351740139685017e-01 6.757701692549596961e-01
-2.514049732312162444e-01 6.658575353020852461e-01
-2.480497604896154118e-01 6.559534505543944682e-01
-2.446700259259400045e-01 6.460574908418064144e-01
-2.412662736262182750e-01 6.361692316990124052e-01
-2.378390214327282259e-01 6.262882483957810109e-01
-2.343888007326752343e-01 6.164141159673036663e-01
-2.309161562284419156e-01 6.065464092445750355e-01
-2.274216456896078764e-01 5.966847028847985790e-01
-2.239058396866648037e-01 5.868285714018061094e-01
-2.203693213067041967e-01 5.769775891964858960e-01
-2.168126858512105792e-01 5.671313305872068833e-01
-2.132365405161404381e-01 5.572893698402318075e-01
-2.096415040546678599e-01 5.474512812001095519e-01
-2.060282064228123877e-01 5.376166389200378593e-01
-2.023972884083671819e-01 5.277850172921871863e-01
-1.987494012435448432e-01 5.179559906779769296e-01
-1.950852062017521260e-01 5.081291335382950303e-01
-1.914053741790253116e-01 4.983040204636528525e-01
-1.877105852606864578e-01 4.884802262042645116e-01
-1.840015282737323399e-01 4.786573257000442116e-01
-1.802789003256786426e-01 4.688348941105115464e-01
-1.765434063304205103e-01 4.590125068445962686e-01
-1.727957585219217218e-01 4.491897395903349244e-01
-1.690366759563622923e-01 4.393661683444487487e-01
-1.652668840036019549e-01 4.295413694417977157e-01
-1.614871138287349017e-01 4.197149195846992531e-01
-1.576981018645284283e-01 4.098863958721042922e-01
-1.539005892757103200e-01 4.000553758286252148e-01
-1.500953214158697313e-01 3.902214374334034841e-01
-1.462830472780060620e-01 3.803841591488116847e-01
-1.424645189395268297e-01 3.705431199489817584e-01
-1.386404910027591864e-01 3.606978993481521067e-01
-1.348117200318599829e-01 3.508480774288241233e-01
-1.309789639871330458e-01 3.409932348697245486e-01
-1.271429816576873928e-01 3.311329529735610455e-01
-1.233045320935086397e-01 3.212668136945699970e-01
-1.194643740377955288e-01 3.113943996658437019e-01
-1.156232653607076610e-01 3.015152942264344160e-01
-1.117819624953357849e-01 2.916290814482263016e-01
-1.079412198770034748e-01 2.817353461625688449e-01
-1.041017893867499655e-01 2.718336739866665797e-01
-1.002644198000570419e-01 2.619236513497177898e-01
-9.642985624165092973e-02 2.520048655187953068e-01
-9.259883964724027750e-02 2.420769046244660161e-01
-8.877210623337458695e-02 2.321393576861399966e-01
-8.495038697578560782e-02 2.221918146371468505e-01
-8.113440709757241409e-02 2.122338663495310640e-01
-7.732488556764482990e-02 2.022651046585628165e-01
-7.352253461038141258e-02 1.922851223869582182e-01
-6.972805922722294381e-02 1.822935133688044773e-01
-6.594215673083492213e-02 1.722898724731848352e-01
-6.216551629257832667e-02 1.622737956274994120e-01
-5.839881850389616602e-02 1.522448798404752446e-01
-5.464273495207699893e-02 1.422027232248655182e-01
-5.089792781121144083e-02 1.321469250198283596e-01
-4.716504944850580250e-02 1.220770856129865245e-01
-4.344474204666848305e-02 1.119928065621603186e-01
-3.973763724262280306e-02 1.018936906167722395e-01
-3.604435578304887589e-02 9.177934173891946767e-02
-3.236550719683906063e-02 8.164936512411048730e-02
-2.870168948505469331e-02 7.150336722166390768e-02
-2.505348882837532543e-02 6.134095575476464224e-02
-2.142147931226601187e-02 5.116173974017760445e-02
-1.780622267008047377e-02 4.096532950761301584e-02
-1.420826804418984235e-02 3.075133671874407532e-02
-1.062815176501402670e-02 2.051937438587306262e-02
-7.066397148242919979e-03 1.026905689024387551e-02
0.000000000000000000e+00 0.000000000000000000e+00
0.000000000000000000e+00 1.000000000000000000e+00
1.098073223926973707e+00 9.950370820124758708e-01
1.090824474644505715e+00 9.900625319091272969e-01
1.083092088939225928e+00 9.850722256436914570e-01
1.074872902383844586e+00 9.800620999821874069e-01
1.066164639682743998e+00 9.750281533191349492e-01
1.056965999739848172e+00 9.699664463702658557e-01
1.047276742606778832e+00 9.648731027465576870e-01
1.037097777319097691e+00 9.597443094145402531e-01
1.026431249446755345e+00 9.545763170479205639e-01
1.015280627001989400e+00 9.493654402756290800e-01
1.003650783169919736e+00 9.441080578314204885e-01
9.915480741617890281e-01 9.388006126101650084e-01
9.789804103463765061e-01 9.334396116359424678e-01
9.659573187015476625e-01 9.280216259470085438e-01
9.524899945546414504e-01 9.225432904026366066e-01
9.385913405580557090e-01 9.170013034167528998e-01
9.242759908839409677e-01 9.113924266231890892e-01
9.095603187282834678e-01 9.057134844772566362e-01
8.944624253953551429e-01 8.999613637982291081e-01
8.790021094927434886e-01 8.941330132571770895e-01
8.632008151046646205e-01 8.882254428144623626e-01
8.470815582225578177e-01 8.822357231110449227e-01
8.306688311892628240e-01 8.761609848176001858e-01
8.139884854423997673e-01 8.699984179452860955e-01
7.970675934069160196e-01 8.637452711218392976e-01
7.799342909645077260e-01 8.573988508365081307e-01
7.626176024955343413e-01 8.509565206571774176e-01
7.451472510203397404e-01 8.444157004228652896e-01
7.275534564384020797e-01 8.377738654146167363e-01
7.098667252502151026e-01 8.310285455076552585e-01
6.921176354293379074e-01 8.241773243074941302e-01
6.743366202766498674e-01 8.172178382725593382e-01
6.565537551241720227e-01 8.101477758257176198e-01
6.387985506635447397e-01 8.029648764569613517e-01
6.210997564556131056e-01 7.956669298193566053e-01
6.034851778474834560e-01 7.882517748202223506e-01
5.859815090960924788e-01 7.807172987093751182e-01
5.686141849967447648e-01 7.730614361661457545e-01
5.514072527638994581e-01 7.652821683867504499e-01
5.343832653362323715e-01 7.573775221734795338e-01
5.175631967024778568e-01 7.493455690270555136e-01
5.009663792934231363e-01 7.411844242434021401e-01
4.846104629762708615e-01 7.328922460159668084e-01
4.685113947375365573e-01 7.244672345446351303e-01
4.526834177608885512e-01 7.159076311521888059e-01
4.371390883020366269e-01 7.072117174091706593e-01
4.218893085382091623e-01 6.983778142679304413e-01
4.069433734216037490e-01 6.894042812065578341e-01
3.923090294904291730e-01 6.802895153833247166e-01
3.779925435805409073e-01 6.710319508021970192e-01
3.639987794261576592e-01 6.616300574899077747e-01
3.503312802293112038e-01 6.520823406850223547e-01
3.369923554060447746e-01 6.423873400393729227e-01
3.239831698707643648e-01 6.325436288321789613e-01
3.113038343920724316e-01 6.225498131971325400e-01
2.989534957330169385e-01 6.124045313626667042e-01
2.869304254717388036e-01 6.021064529055958348e-01
2.752321065768809638e-01 5.916542780182689754e-01
2.638553169828220524e-01 5.810467367893408230e-01
2.527962095694099021e-01 5.702825884982375415e-01
2.420503880957820542e-01 5.593606209233550342e-01
2.316129787690216213e-01 5.482796496640042205e-01
2.214786972426489864e-01 5.370385174760893277e-01
2.116419109396482923e-01 5.256360936214817814e-01
2.020966966785825714e-01 5.140712732310305233e-01
1.928368936514334164e-01 5.023429766811281505e-01
1.838561518584270194e-01 4.904501489837367334e-01
1.751479761503271781e-01 4.783917591897579036e-01
1.667057660624824411e-01 4.661667998056198692e-01
1.585228516507241614e-01 4.537742862229385832e-01
1.505925255555418674e-01 4.412132561610991321e-01
1.429080715320101835e-01 4.284827691225943092e-01
1.354627896872506732e-01 4.155819058609460104e-01
1.282500186676669429e-01 4.025097678610288776e-01
1.212631550342814779e-01 3.892654768316072267e-01
1.144956700584099929e-01 3.758481742098893630e-01
1.079411241611521466e-01 3.622570206779052171e-01
1.015931792096186337e-01 3.484911956904949148e-01
9.544560887202602206e-02 3.345498970147097739e-01
8.949230722110290692e-02 3.204323402804094556e-01
8.372729576329074330e-02 3.061377585418463831e-01
7.814472905848185436e-02 2.916654018500230428e-01
7.273889908269881577e-02 2.770145368356069504e-01
6.750423847415432110e-02 2.621844463021906213e-01
6.243532279137831154e-02 2.471744288296778558e-01
5.752687190093602743e-02 2.319837983875858989e-01
5.277375060203093327e-02 2.166118839580479516e-01
4.817096858497782463e-02 2.010580291683026488e-01
4.371367981144114179e-02 1.853215919324622540e-01
3.939718139585035583e-02 1.694019441023475459e-01
3.521691205918164869e-02 1.532984711271859757e-01
3.116845021891911927e-02 1.370105717219631536e-01
2.724751177267592528e-02 1.205376575442302922e-01
2.344994762604113436e-02 1.038791528791657148e-01
1.977174101035172882e-02 8.703449433269236368e-02
1.620900463020569227e-02 7.000313053245924011e-02
1.275797767674846650e-02 5.278452183649479795e-02
9.415022737369604933e-03 3.537814004934491247e-02
6.176622629983086199e-03 1.778346814550983701e-02
0.000000000000000000e+00 0.000000000000000000e+00
0.000000000000000000e+00 1.000000000000000000e+00
-4.266251569412160549e-01 9.825763957223145884e-01
-4.303054573323773502e-01 9.653644765328671662e-01
-4.340138941297522202e-01 9.483637469187389257e-01
-4.377492791249693038e-01 9.315736836741094207e-01
-4.415102979971349817e-01 9.149937345335993344e-01
-4.452955019562335748e-01 8.986233167503998587e-01
-4.491032989478692672e-01 8.824618156182968409e-01
-4.529319444058971800e-01 8.665085829368576187e-01
-4.567795315403498924e-01 8.507629354192185467e-01
-4.606439811491175318e-01 8.352241530421171678e-01
-4.645230309431483406e-01 8.198914773380382437e-01
-4.684142243765417879e-01 8.047641096296007657e-01
-4.723148989748177096e-01 7.898412092066007251e-01
-4.762221741569136468e-01 7.751218914464429455e-01
-4.801329385491183155e-01 7.606052258790428899e-01
-4.840438367923279861e-01 7.462902341976759280e-01
-4.879512558474813355e-01 7.321758882176599981e-01
-4.918513108083796270e-01 7.182611077852310011e-01
-4.957398302356531561e-01 7.045447586394506523e-01
-4.996123410311985591e-01 6.910256502305337500e-01
-5.034640528785956359e-01 6.777025334985391503e-01
-5.072898422818600261e-01 6.645740986169822451e-01
-5.110842362429730557e-01 6.516389727065627913e-01
-5.148413956274017211e-01 6.388957175248758391e-01
-5.185550982767973549e-01 6.263428271386748403e-01
-5.222187219393492619e-01 6.139787255859858739e-01
-5.258252271007043399e-01 6.018017645361218859e-01
-5.293671398122961058e-01 5.898102209564096698e-01
-5.328365346295811378e-01 5.780022947952245804e-01
-5.362250177898988390e-01 5.663761066917017972e-01
-5.395237107788108943e-01 5.549296957232721095e-01
-5.427232344551599086e-01 5.436610172029253674e-01
-5.458136939284728983e-01 5.325679405388429322e-01
-5.487846644082583492e-01 5.216482471697341250e-01
-5.516251782733649911e-01 5.108996285898672607e-01
-5.543237136408342147e-01 5.003196844783655006e-01
-5.568681847479701741e-01 4.899059209478601185e-01
-5.592459344987913417e-01 4.796557489280095510e-01
-5.614437295666879768e-01 4.695664826997196228e-01
-5.634477584890371649e-01 4.596353385960986748e-01
-5.652436332367360983e-01 4.498594338862583752e-01
-5.668163947919909740e-01 4.402357858579929450e-01
-5.681505233211694428e-01 4.307613111151417096e-01
-5.692299535848751590e-01 4.214328251050429852e-01
-5.700380962853666134e-01 4.122470418909041090e-01
-5.705578661092481907e-01 4.032005741831579115e-01
-5.707717172811694883e-01 3.942899336429156465e-01
-5.706616874992826993e-01 3.855115314694851913e-01
-5.702094511731230497e-01 3.768616792825804640e-01
-5.693963829268190446e-01 3.683365903083238302e-01
-5.682036323604896522e-01 3.599323808764332000e-01
-5.666122110758399222e-01 3.516450722341053492e-01
-5.646030929633126805e-01 3.434705926800776798e-01
-5.621573287093805105e-01 3.354047800201740426e-01
-5.592561754080599412e-01 3.274433843433600111e-01
-5.558812420395728982e-01 3.195820711149545690e-01
-5.520146514040709107e-01 3.118164245812086177e-01
-5.476392188577841047e-01 3.041419514769960752e-01
-5.427386478842181061e-01 2.965540850258930328e-01
-5.372977421349038885e-01 2.890481892194934899e-01
-5.313026330842984812e-01 2.816195633604495208e-01
-5.247410218590454756e-01 2.742634468514666968e-01
-5.176024331204009954e-01 2.669750242103700599e-01
-5.098784781074279238e-01 2.597494302894076124e-01
-5.015631230996504542e-01 2.525817556752116833e-01
-4.926529586533389682e-01 2.454670522443162806e-01
-4.831474640384316177e-01 2.384003388478572738e-01
-4.730492603976604871e-01 2.313766070980793066e-01
-4.623643453198021946e-01 2.243908272285484173e-01
-4.511023008334162920e-01 2.174379539995398292e-01
-4.392764663558219596e-01 2.105129326199350059e-01
-4.269040679549155337e-01 2.036107046571158374e-01
-4.140062954684258778e-01 1.967262139067927074e-01
-4.006083196426182269e-01 1.898544121954197361e-01
-3.867392425415093760e-01 1.829902650888353410e-01
-3.724319760562045944e-01 1.761287574819861701e-01
-3.577230453921068642e-01 1.692648990460341729e-01
-3.426523168654919127e-01 1.623937295107771017e-01
-3.272626521050256976e-01 1.555103237621090206e-01
-3.115994936756532052e-01 1.486097967361759142e-01
-2.957103900581761202e-01 1.416873080939154428e-01
-2.796444706322167573e-01 1.347380666617704614e-01
-2.634518836313792800e-01 1.277573346265191701e-01
-2.471832118007183388e-01 1.207404314743176221e-01
-2.308888815450692578e-01 1.136827376661995043e-01
-2.146185816357191189e-01 1.065796980443809577e-01
-1.984207070182797406e-01 9.942682496575690199e-02
-1.823418419756488440e-01 9.221970116093423930e-02
-1.664262949559899285e-01 8.495398231899595198e-02
-1.507156949169913274e-01 7.762539939993050309e-02
-1.352486562521562075e-01 7.022976067826376678e-02
-1.200605164391586044e-01 6.276295352289869289e-02
-1.051831476771227791e-01 5.522094591949409242e-02
-9.064484111568660296e-02 4.759978774288496639e-02
-7.647025996139555915e-02 3.989561178807409653e-02
-6.268045585859849389e-02 3.210463456920082531e-02
-4.929294153505914267e-02 2.422315689662744159e-02
-3.632181177765492208e-02 1.624756424287098974e-02
-2.377790434326843005e-02 8.174326908569196429e-03
0.000000000000000000e+00 0.000000000000000000e+00
0.000000000000000000e+00 1.000000000000000000e+00
-1.166276376603125220e+00 9.979867914934533735e-01
-1.134302286203280996e+00 9.958334981179516321e-01
-1.102029693376088915e+00 9.935389702527683831e-01
-1.069558380432818590e+00 9.911020930766649695e-01
-1.036990158106478210e+00 9.885217853728843762e-01
-1.004427243970622996e+00 9.857969983774761413e-01
-9.719706229425956190e-01 9.829267146694607993e-01
-9.397184561298579375e-01 9.799099471013815732e-01
-9.077646006726821648e-01 9.767457377688182341e-01
-8.761972951112317887e-01 9.734331570174834525e-01
-8.450980531003789986e-01 9.699713024865529443e-01
-8.145407943071384382e-01 9.663592981869224552e-01
-7.845912265023389232e-01 9.625962936131229331e-01
-7.553064785904580747e-01 9.586814628876592081e-01
-7.267349717670767983e-01 9.546140039365837993e-01
-6.989165059630112475e-01 9.503931376951456622e-01
-6.718825316479289933e-01 9.460181073424008824e-01
-6.456565729779579765e-01 9.414881775637016226e-01
-6.202547669340753300e-01 9.368026338400211595e-01
-5.956864840618836254e-01 9.319607817631065938e-01
-5.719549991312304904e-01 9.269619463754870115e-01
-5.490581839082622206e-01 9.218054715343974026e-01
-5.269891987422153923e-01 9.164907192987146178e-01
-5.057371643654935411e-01 9.110170693380336138e-01
-4.852877998472129861e-01 9.053839183630418841e-01
-4.656240167897838789e-01 8.995906795763848329e-01
-4.467264634742000862e-01 8.936367821432430469e-01
-4.285740156780516452e-01 8.875216706808674028e-01
-4.111442133084323713e-01 8.812448047663572481e-01
-3.944136438447167770e-01 8.748056584619812170e-01
-3.783582749361528719e-01 8.682037198573749892e-01
-3.629537394200729183e-01 8.614384906279736187e-01
-3.481755765937350477e-01 8.545094856090620361e-01
-3.339994338610341451e-01 8.474162323848463130e-01
-3.204012329494245748e-01 8.401582708919804743e-01
-3.073573048104069616e-01 8.327351530369933030e-01
-2.948444971250838709e-01 8.251464423270953308e-01
-2.828402580746087747e-01 8.173917135138533130e-01
-2.713226997314214239e-01 8.094705522492486871e-01
-2.602706441059697839e-01 8.013825547536526095e-01
-2.496636545593181045e-01 7.931273274952655994e-01
-2.394820549782399888e-01 7.847044868805921336e-01
-2.297069388123669509e-01 7.761136589555368559e-01
-2.203201697977391627e-01 7.673544791167195012e-01
-2.113043759407736144e-01 7.584265918326316136e-01
-2.026429381108489358e-01 7.493296503742628012e-01
-1.943199743891282083e-01 7.400633165548462511e-01
-1.863203211443134610e-01 7.306272604783835556e-01
-1.786295116510197012e-01 7.210211602966222211e-01
-1.712337529321600049e-01 7.112447019741745535e-01
-1.641199013904724169e-01 7.012975790614763838e-01
-1.572754376946313704e-01 6.911794924752959757e-01
-1.506884413003193868e-01 6.808901502865177813e-01
-1.443475649141500727e-01 6.704292675149325920e-01
-1.382420091472379431e-01 6.597965659307789554e-01
-1.323614975535298555e-01 6.489917738627889454e-01
-1.266962522049081552e-01 6.380146260125032498e-01
-1.212369699189911471e-01 6.268648632746275373e-01
-1.159747992255482502e-01 6.155422325632103897e-01
-1.109013181329456810e-01 6.040464866434365199e-01
-1.060085127354403328e-01 5.923773839688293297e-01
-1.012887566859391880e-01 5.805346885236726262e-01
-9.673479154513242584e-02 5.685181696704626475e-01
-9.233970800737684170e-02 5.563276020022124291e-01
-8.809692799507290450e-02 5.439627651994360935e-01
-8.400018760664593187e-02 5.314234438916474179e-01
-8.004352089798878744e-02 5.187094275232138063e-01
-7.622124447355066446e-02 5.058205102234107908e-01
-7.252794286013078406e-02 4.927564906805333433e-01
-6.895845463481550808e-02 4.795171720199181142e-01
-6.550785927682856169e-02 4.661023616857442042e-01
-6.217146471276172037e-02 4.525118713264772996e-01
-5.894479552401102329e-02 4.387455166838363230e-01
-5.582358178572896512e-02 4.248031174851552572e-01
-5.280374850664101838e-02 4.106844973390290088e-01
-4.988140563996204535e-02 3.963894836341259609e-01
-4.705283863636433583e-02 3.819179074410630759e-01
-4.431449951067251147e-02 3.672696034172368562e-01
-4.166299839532161542e-02 3.524444097145113530e-01
-3.909509555432164052e-02 3.374421678896651899e-01
-3.660769383274692368e-02 3.222627228175066749e-01
-3.419783151792349374e-02 3.069059226065657953e-01
-3.186267558943448042e-02 2.913716185172774420e-01
-2.959951533634702647e-02 2.756596648825736517e-01
-2.740575632103517401e-02 2.597699190308035977e-01
-2.527891467007750692e-02 2.437022412109042802e-01
-2.321661167378588631e-02 2.274564945197497523e-01
-2.121656867680599134e-02 2.110325448316044961e-01
-1.927660224329652561e-02 1.944302607296136409e-01
-1.739461958106161554e-02 1.776495134392629405e-01
-1.556861420990915401e-02 1.606901767637464729e-01
-1.379666186027700414e-02 1.435521270211751466e-01
-1.207691658912241062e-02 1.262352429835731094e-01
-1.040760710061833239e-02 1.087394058175996103e-01
-8.787033260090088005e-03 9.106449902694381537e-02
-7.213562790207406206e-03 7.321040839633582986e-02
-5.685628139165677108e-03 5.517702193712744480e-02
-4.201723511029681335e-03 3.696422983438819171e-02
-2.760402049262311586e-03 1.857192439547069446e-02
0.000000000000000000e+00 0.000000000000000000e+00
